0 0 28.329426
0 2930 10.58352
1 1 19.716936
2 2 10.0
2 716 5.9999995
2 843 4.977827
3 3 11.314769
4 4 12.940618
5 5 12.932212
6 6 12.774768
7 7 10.0
7 1021 2.7296753
7 1413 2.1533194
7 2115 2.801373
7 2426 2.011096
7 2997 2.137474
8 8 11.670345
9 9 11.427113
10 10 10.0
11 11 11.689492
11 127 2.9350264
11 345 7.689492
11 466 8.449688
11 585 3.6894915
11 745 2.5027723
11 759 3.6894915
11 1190 3.6894915
11 1241 3.6894915
11 1300 3.6894915
11 1431 2.9350264
11 1434 8.418933
11 1558 3.6894915
11 1844 7.689492
11 1861 8.437809
11 2169 4.6894913
11 2185 2.9350264
11 2319 3.6894915
11 2489 3.6894915
11 2715 3.6894915
11 2895 3.6894915
11 2906 3.6894915
11 2939 3.6894915
11 2959 7.675928
11 2991 5.8447466
12 12 10.0
13 13 11.393695
14 14 14.295857
15 15 11.434799
15 2146 2.0918446
16 16 11.538755
17 17 14.684399
17 459 2.0369964
17 2305 2.0080597
17 2898 4.7545266
17 3089 7.0223765
18 18 12.998452
18 128 3.536646
18 2375 2.763554
19 19 18.63374
19 850 2.0936618
20 20 11.590432
21 21 10.0
22 22 14.112011
23 23 14.045448
23 505 2.0998502
23 2836 2.246879
24 24 10.0
25 25 11.716501
26 26 13.679017
26 270 2.2181945
26 369 3.5699334
26 713 2.278123
26 800 3.0826607
26 2709 2.749938
27 27 9.999999
28 28 12.809096
29 29 15.715972
30 30 10.0
31 31 10.0
32 32 10.0
33 33 11.8162985
33 390 6.4552083
34 34 9.999999
35 35 12.784094
35 154 2.1290247
36 36 10.0
37 37 11.556216
37 890 2.9999995
37 1562 3.9999993
37 1729 9.215308
38 38 14.194077
39 39 11.766419
39 599 1.978785
39 2633 2.1053574
39 2641 2.7257528
40 40 11.870926
41 41 11.455988
42 42 11.358136
42 195 3.5483267
42 1829 2.28337
42 2587 2.9460871
42 3024 2.138422
42 3086 3.7361517
43 43 13.132085
44 44 11.483686
44 630 2.0107622
45 45 12.7195835
45 1077 2.0125947
45 2170 3.5132608
46 46 14.96046
46 347 2.0065527
46 2712 2.249455
47 47 9.999999
48 48 12.901579
48 2587 2.2826352
48 3086 4.639458
49 49 11.304908
50 50 11.490681
50 629 2.9279275
50 1800 2.2268035
50 2951 1.9730196
51 51 10.0
52 52 10.0
53 53 11.56292
54 54 15.64566
54 360 2.1385207
54 461 3.633891
54 827 2.0115895
54 1874 2.1420317
55 55 11.530768
56 56 10.0
57 57 23.980791
58 58 26.633163
58 147 2.6946607
58 161 2.0425377
58 242 14.0844345
58 410 2.7925453
58 1185 2.081806
58 1211 2.8002005
58 1357 4.128193
58 1368 2.7541873
58 1848 2.081806
58 2047 1.9723072
58 2159 3.431651
58 2361 2.7541873
58 2390 15.9073925
58 2497 2.7541873
58 2663 4.8979964
58 2868 2.0588062
58 2982 7.197316
58 3044 2.8002005
59 59 10.0
59 1643 2.636687
60 60 11.783422
61 61 11.858344
62 62 11.642222
63 63 14.280615
64 64 11.941426
65 65 11.726672
66 66 13.129917
67 67 10.0
68 68 13.212622
69 69 10.000001
69 3112 1.9999998
70 70 10.000001
71 71 11.786239
71 525 2.1718426
71 2020 3.535783
72 72 10.0
72 883 2.1126432
73 73 10.0
74 74 10.0
75 75 13.123059
76 76 29.637758
77 77 12.93696
78 78 14.291088
78 1169 2.030136
78 2499 2.0503876
78 2508 2.8495388
78 2968 4.7967777
79 79 11.7262745
80 80 11.490859
81 81 24.781715
81 86 2.1522713
81 1035 4.355504
81 1824 20.36441
81 1955 7.1743374
81 2005 10.1071005
81 2067 3.9468036
81 2179 2.6827111
81 2221 1.995352
81 2725 9.496076
81 3057 6.7768097
82 82 10.0
83 83 14.277121
83 2874 3.5450656
84 84 13.200373
85 85 11.516502
86 81 2.1522713
86 86 10.0
86 1161 2.0
86 1822 2.0000002
86 1824 4.2284036
86 1955 2.836386
86 2005 2.1847804
86 2067 1.9772918
86 2221 2.0111806
86 3057 2.019126
87 87 11.768912
88 88 14.345359
89 89 11.893795
89 602 7.0339518
89 1461 2.046308
89 1947 2.8124378
89 2007 2.206273
89 2032 2.076386
89 2603 2.1536622
90 90 18.431286
90 117 2.0500712
90 2511 3.0734568
91 91 14.174633
92 92 12.818648
92 340 2.0591886
92 721 2.0039182
92 827 3.3300583
92 878 2.0229127
92 1304 2.0108569
92 1791 3.601063
92 2149 2.1383283
92 2223 3.3881273
92 2447 3.3881273
92 2591 2.0059845
92 2599 2.9377038
92 2762 1.994668
92 2775 2.0736365
92 3134 5.558454
93 93 14.544056
93 632 5.8993835
93 3147 4.785799
94 94 13.1921215
94 255 2.8468585
94 1402 4.4471426
94 2875 2.888794
95 95 10.0
96 96 12.644121
96 527 4.131528
96 2020 1.9913731
96 2115 4.117298
96 2862 2.0603516
97 97 23.239649
98 98 11.371356
99 99 11.330782
100 100 11.406577
100 128 1.9653708
100 1487 2.1011322
100 2382 2.7788284
100 2704 2.008895
100 2729 3.03873
101 101 15.706652
101 623 2.2950163
101 628 2.04873
101 1105 2.1293335
101 1832 5.073334
102 102 11.4366045
103 103 15.74967
104 104 14.102266
105 105 10.000001
106 106 12.947087
107 107 13.330599
107 1885 3.0936267
108 108 15.9874325
108 1067 2.103495
109 109 15.908338
110 110 17.427729
110 591 2.9115496
111 111 16.095
112 112 10.0
113 113 10.0
113 1835 1.9870799
114 114 12.7867155
114 437 2.9851584
114 487 2.9704456
114 1360 2.8106656
114 2620 3.4541376
114 2938 2.9515905
115 115 18.508352
116 116 19.057552
117 90 2.0500712
117 117 12.896922
118 118 10.0
119 119 11.880052
120 120 15.629559
121 121 10.0
121 378 2.1611118
121 2595 4.32123
121 2738 3.5271244
122 122 11.459184
123 123 10.0
124 124 10.0
125 125 11.561504
126 126 13.582319
127 11 2.9350266
127 127 11.677068
127 345 4.967199
127 466 2.9350266
127 585 3.6114755
127 759 2.9350266
127 1190 2.9350266
127 1241 2.9350266
127 1300 2.9350266
127 1431 4.6770687
127 1434 3.6114755
127 1558 2.9350266
127 1844 3.6446028
127 1861 3.6285872
127 2118 2.1075058
127 2169 2.9350266
127 2185 4.6770687
127 2319 3.6114755
127 2489 2.9350266
127 2715 3.6114755
127 2895 3.6114755
127 2906 2.9350266
127 2939 2.9350266
127 2959 2.9350266
127 2991 2.1797223
127 3082 2.157938
128 18 3.536646
128 100 1.9653708
128 128 31.4892
128 308 15.518063
128 569 4.3336434
128 760 2.0884411
128 761 7.9545135
128 1248 2.7670975
128 1655 2.6700222
128 1755 8.979607
128 1862 9.092318
128 2375 19.3854
128 2462 2.674972
128 2704 12.0323305
129 129 10.000001
130 130 11.581625
131 131 13.415157
131 2267 3.5356503
132 132 18.912968
132 1011 4.008338
132 2876 2.055086
133 133 17.0168
134 134 11.352411
135 135 31.90408
135 366 2.1040785
136 136 10.0
137 137 11.478934
138 138 18.528048
139 139 11.332372
140 140 9.999999
141 141 10.0
142 142 11.701867
143 143 15.147336
143 617 2.0739608
143 675 2.2835145
144 144 11.322474
145 145 11.37551
146 146 9.999999
147 58 2.6946607
147 147 25.650887
147 161 4.725458
147 242 3.3372035
147 253 4.0242906
147 289 2.1452057
147 410 11.310027
147 962 2.0567803
147 1043 2.6437397
147 1211 3.1507745
147 1357 3.5763793
147 1368 4.1347127
147 1566 2.069219
147 2047 9.8402815
147 2051 2.9566135
147 2159 8.763938
147 2361 4.1347127
147 2373 3.4574242
147 2390 6.8832374
147 2497 4.1347127
147 2506 7.033408
147 2663 5.939152
147 2868 3.5326142
147 3044 3.1507745
148 148 12.866222
149 149 11.8744545
149 3111 3.5449147
150 150 10.000001
150 1514 1.9850767
150 2531 2.1788034
150 2849 2.800433
150 2883 2.0801969
151 151 10.000001
152 152 17.882786
153 153 10.0
154 35 2.1290247
154 154 10.0
155 155 10.0
156 156 14.332594
156 992 2.0303416
156 1021 2.868987
156 1337 2.1136026
156 1413 2.087263
156 2186 3.5611281
156 2426 4.1757727
157 157 11.722618
157 2629 3.4599879
158 158 17.504335
159 159 10.0
160 160 11.696997
161 58 2.0425377
161 147 4.725458
161 161 17.265085
161 242 3.3558388
161 1357 2.0304337
161 1368 2.0040622
161 2047 4.8112574
161 2159 3.4135664
161 2361 2.0040622
161 2373 2.0225337
161 2390 1.9934833
161 2497 2.0040622
161 2663 3.4266114
162 162 9.999999
163 163 17.871973
164 164 14.670639
164 322 7.178211
164 759 4.715517
164 1114 4.84464
164 1120 3.9999995
164 1241 2.5852983
164 1434 2.5260646
164 1844 2.5105057
164 1861 2.5106883
164 2118 3.8447456
164 2132 4.873104
164 2406 6.155171
164 2489 2.6085095
164 2548 2.3721802
165 165 11.418694
166 166 17.53031
167 167 9.999999
168 168 11.650819
169 169 16.130726
169 219 2.7940722
169 230 2.8123488
169 965 9.382201
169 1267 3.318007
169 1685 2.1023426
169 2404 2.9017544
169 2537 2.7119608
169 3041 2.1336234
170 170 11.431828
170 2559 2.90264
171 171 10.0
172 172 10.0
173 173 10.0
174 174 10.0
174 446 4.9999995
174 660 6.660677
174 2340 4.9999995
174 2364 7.0972376
174 2480 5.9999995
175 175 11.349711
176 176 11.394151
177 177 12.758732
177 1009 2.2458854
177 1139 2.0119538
177 2157 2.7496197
178 178 9.999999
179 179 10.0
179 1643 2.340962
180 180 12.6892
181 181 10.0
182 182 11.300698
183 183 11.488805
184 184 9.999999
185 185 12.748116
186 186 10.0
187 187 10.0
188 188 10.0
189 189 13.151515
189 1642 2.1374578
189 1661 2.0994873
189 1712 3.072474
190 190 19.010387
191 191 11.415804
191 1595 2.0209997
192 192 10.0
193 193 11.488643
194 194 10.0
195 42 3.5483267
195 195 11.304502
195 1829 2.1331537
195 2587 2.791844
195 3086 3.59261
196 196 10.0
197 197 11.547943
198 198 11.3345585
198 1344 2.6158717
199 199 17.717655
199 669 2.6470704
199 2728 6.649675
200 200 12.630889
201 201 16.956396
202 202 10.0
203 203 11.613276
204 204 14.745984
205 205 14.184689
205 2968 1.9632254
206 206 11.684007
207 207 14.706501
207 673 2.04778
208 208 10.0
209 209 11.500217
210 210 12.896911
210 1022 3.4984665
210 1502 2.1243072
211 211 17.088987
212 212 10.000001
213 213 9.999999
213 599 2.760004
213 2286 2.03359
213 2633 2.787995
214 214 11.4965515
215 215 10.000001
216 216 14.771742
216 1019 2.1760468
217 217 11.437864
218 218 11.869608
218 760 2.0757139
218 777 4.071439
218 905 2.0667257
218 1911 5.5725775
218 1961 2.656913
218 2654 2.7521632
218 2756 1.9967239
218 2767 2.022491
219 169 2.7940722
219 219 16.590992
220 220 11.657681
221 221 11.312818
221 3045 2.205205
222 222 10.0
223 223 11.440233
224 224 10.0
225 225 38.556355
225 2606 2.009879
226 226 21.442324
227 227 17.737259
227 1260 6.131982
227 2212 2.7615278
228 228 11.300852
228 1184 2.06625
228 1813 3.4552205
228 1823 2.0551968
229 229 11.493883
230 169 2.8123488
230 230 28.56007
230 335 3.8851926
230 965 2.8123488
230 1153 2.02416
230 1403 7.7508087
230 1685 5.9308996
230 1818 2.042308
230 1854 4.7143226
230 2838 2.02416
230 2901 6.333333
230 3041 9.068557
231 231 11.311699
231 2236 2.9398541
232 232 19.64882
232 2733 22.768925
233 233 17.918335
233 1802 11.788947
234 234 9.999999
235 235 11.894192
235 1021 2.1013324
235 2186 2.6374667
235 2426 3.3911285
235 2876 2.0534353
236 236 12.806717
236 1102 2.0012555
237 237 9.999999
238 238 10.0
238 357 2.6584194
239 239 10.0
240 240 10.0
241 241 11.79088
242 58 14.0844345
242 147 3.3372033
242 161 3.3558388
242 242 35.182816
242 289 2.0246377
242 962 12.320789
242 1185 2.0101876
242 1211 2.6627054
242 1368 4.774802
242 1737 3.472425
242 1848 2.0101876
242 2047 4.6548333
242 2051 4.081107
242 2159 7.3964143
242 2361 4.774802
242 2373 3.577332
242 2390 11.157987
242 2497 4.774802
242 2506 2.6857336
242 2589 2.640041
242 2663 8.128874
242 2868 4.1129227
242 2982 12.477344
242 3044 2.6627054
243 243 12.671387
243 1627 2.09832
243 2442 3.5782535
244 244 10.0
245 245 10.000001
246 246 11.597656
247 247 19.283365
247 599 2.0023081
247 1461 2.755451
247 1835 3.4288378
247 2286 2.007629
247 2633 4.208749
248 248 11.300226
249 249 11.61174
250 250 10.0
250 509 2.0660937
251 251 15.6709385
251 460 3.5497108
251 1001 4.164382
251 1084 2.2888007
251 3062 2.0814035
252 252 10.0
253 147 4.0242906
253 253 17.064573
253 289 2.0481377
253 1043 2.0163746
253 1357 2.1533208
253 2047 4.770156
253 2051 1.9822111
253 2159 3.9605532
253 2373 2.0845366
253 2506 2.1061995
253 2663 3.418096
254 254 15.707733
254 911 2.0367095
254 969 2.6964016
254 992 2.8266182
254 1021 7.4237137
254 1081 2.317452
254 1131 1.9937584
254 1337 7.843685
254 1413 5.561287
254 1610 3.5983047
254 1915 3.0512514
254 2186 10.143454
254 2253 2.0957005
254 2426 7.3537045
254 2849 2.7587361
254 2904 3.0292459
254 2981 2.8830712
255 94 2.8468585
255 255 13.389155
255 1402 3.0579872
255 2957 2.7356644
256 256 9.999999
256 1590 2.0608063
256 2032 2.3862224
256 2216 2.0469992
257 257 11.381398
257 593 2.8044057
257 1103 3.466673
257 1387 2.7155712
257 1748 2.0510833
257 2065 2.7296503
257 2167 2.7561903
257 2439 2.0934148
257 3027 4.151206
258 258 11.300794
259 259 15.986536
260 260 22.93714
260 2059 2.8056467
260 3014 11.57244
261 261 11.690172
262 262 12.994591
263 263 11.948064
263 1157 2.7868025
263 1956 2.1929822
264 264 11.358763
264 1726 2.1901727
264 2295 2.3306694
265 265 11.402444
265 1905 2.704494
265 2924 6.0925016
266 266 15.1768265
267 267 19.812414
268 268 13.270905
269 269 10.0
270 26 2.2181947
270 270 11.622598
270 369 1.982851
270 592 2.1051033
270 713 2.742165
270 800 2.815819
270 1227 2.8104353
270 1478 2.9739833
270 2709 2.7870197
271 271 10.0
271 1011 2.014515
271 3027 2.0023808
272 272 12.89656
273 273 13.10593
274 274 12.877671
275 275 11.621933
276 276 14.550781
277 277 10.0
278 278 12.869854
278 1079 2.223764
279 279 10.000001
280 280 11.438024
281 281 12.780449
282 282 17.203617
283 283 17.613422
284 284 11.681413
285 285 11.783935
286 286 10.0
287 287 14.228937
287 775 2.0068972
287 1339 2.1328475
287 2559 5.425305
288 288 31.98521
288 2005 2.0058634
288 2566 9.887481
289 147 2.1452057
289 242 2.0246377
289 253 2.0481377
289 289 24.093271
289 410 3.3571525
289 1368 2.106673
289 2047 4.85365
289 2159 3.4544797
289 2361 2.106673
289 2497 2.106673
289 2663 2.8434494
289 2868 2.0320776
290 290 14.125565
290 549 4.914341
290 675 2.742246
290 1636 2.86342
290 1929 4.6831274
290 2033 2.1734672
290 2115 1.9845018
291 291 11.316737
292 292 13.08019
293 293 10.0
294 294 10.0
295 295 9.999999
296 296 10.0
297 297 10.0
298 298 11.3307
299 299 9.999999
300 300 12.7678175
301 301 11.640721
301 1461 2.2203064
302 302 11.544098
303 303 11.809807
304 304 11.474691
305 305 13.3044195
305 958 3.746118
306 306 25.012089
306 1082 10.619613
307 307 9.999999
307 525 4.6363683
308 128 15.518063
308 308 18.023884
308 569 3.508757
308 761 6.334935
308 1058 2.1062279
308 1755 5.555396
308 1862 3.7244744
308 2375 11.161801
308 2462 2.7079391
308 2704 6.525467
309 309 12.7197895
310 310 17.040216
310 930 3.5529664
311 311 10.0
312 312 11.469904
313 313 10.0
313 602 2.193698
313 1343 2.0139284
313 2541 2.7829294
314 314 11.641421
315 315 10.0
316 316 11.317561
317 317 11.333002
318 318 18.488266
319 319 18.783556
320 320 13.002602
321 321 14.863757
322 164 7.178211
322 322 13.229018
322 345 2.5413582
322 745 3.0784671
322 759 2.5210655
322 1120 7.7316513
322 1241 2.590655
322 1434 2.5260646
322 1686 5.8222647
322 2118 4.503607
322 2489 2.7440765
322 2959 2.5132053
323 323 10.0
324 324 10.0
325 325 10.0
326 326 17.281376
327 327 16.992607
327 1809 3.6236768
327 2597 2.8199003
327 2760 3.7813392
328 328 11.639848
329 329 12.71264
329 1455 6.07578
330 330 12.863928
331 331 11.443928
332 332 12.992904
332 1929 1.990027
333 333 12.651175
333 486 2.0477178
334 334 11.46969
335 230 3.8851926
335 335 10.0
335 1685 2.5728405
335 3041 2.2066221
336 336 13.557232
337 337 12.842794
338 338 11.814191
338 3007 2.836431
339 339 10.0
339 1193 2.7714355
339 2968 3.7390373
340 92 2.0591886
340 340 24.951511
340 345 2.5357766
340 367 2.8029747
340 466 2.8447459
340 585 2.5370848
340 720 4.1143074
340 878 2.0434883
340 1114 2.0
340 1165 3.035212
340 1241 2.5126505
340 1434 2.518268
340 1526 2.008584
340 1558 2.5077019
340 1623 4.44714
340 1626 2.8095803
340 1874 3.5055838
340 2084 2.059999
340 2223 5.540633
340 2447 5.540633
340 2599 4.818745
340 2608 2.1052408
340 2762 8.730717
340 2775 6.2474246
340 2906 2.4955504
340 3082 3.0673714
340 3134 7.553684
341 341 13.440074
342 342 10.0
342 1474 2.029849
343 343 39.798546
343 2351 4.221815
343 2814 6.4197083
343 2818 4.221815
344 344 10.0
345 11 7.689492
345 127 4.9671984
345 322 2.5413582
345 340 2.5357766
345 345 13.073991
345 466 7.689492
345 585 5.347108
345 759 4.3661447
345 1114 2.4963524
345 1120 2.5373964
345 1190 4.5594583
345 1241 3.6894915
345 1300 3.6894915
345 1401 2.5379586
345 1431 4.319042
345 1434 9.347773
345 1558 3.6894915
345 1844 7.689492
345 1861 7.689492
345 2169 3.6894915
345 2185 3.6114755
345 2319 4.6894917
345 2489 4.3505344
345 2548 2.4963524
345 2715 5.347108
345 2895 4.6894917
345 2906 4.3446927
345 2939 3.6894915
345 2959 7.3986607
345 2991 7.536996
345 3082 3.5038738
346 346 11.52694
347 46 2.0065527
347 347 11.323819
348 348 11.450418
349 349 21.62197
350 350 17.415766
350 1378 4.865315
350 2546 2.8526824
350 2981 2.1065736
351 351 14.33621
352 352 11.319954
353 353 9.999999
354 354 11.408089
354 1607 4.3589077
354 1827 6.6947513
355 355 11.699818
355 509 4.3913517
355 1386 2.0562537
355 1845 2.8785315
356 356 13.031741
357 238 2.6584194
357 357 14.850637
357 2701 2.2223837
358 358 11.420263
359 359 29.812992
359 1021 2.148467
359 1413 6.6309533
359 1915 2.0755777
359 2098 3.788712
359 2186 2.7237923
359 2426 4.9619913
359 2600 2.0588617
359 2997 2.0585394
360 54 2.1385207
360 360 10.000001
360 2317 2.1054296
360 3118 2.1986833
361 361 10.0
362 362 13.594557
363 363 9.999999
364 364 11.531393
365 365 11.346648
366 135 2.1040785
366 366 11.32787
367 340 2.8029747
367 367 12.675673
367 878 3.5253353
367 1304 2.0302944
367 2223 3.5848603
367 2447 3.5848603
367 2599 2.0350351
367 2762 3.5122938
367 2775 3.4406853
367 3134 4.2561784
368 368 10.0
369 26 3.5699334
369 270 1.982851
369 369 15.13995
369 1849 2.794992
369 2709 3.4121034
369 2843 2.2224479
370 370 11.871713
371 371 11.351928
372 372 10.0
373 373 10.000002
374 374 9.999999
375 375 13.518137
376 376 14.241213
377 377 13.398913
377 539 2.781922
378 121 2.1611118
378 378 14.029726
378 2595 5.708561
378 2738 5.6674223
379 379 11.55975
380 380 11.40566
380 1687 2.1101809
381 381 11.746817
381 648 2.6513934
381 1001 4.966393
382 382 17.6016
382 486 2.0057518
382 1747 5.384366
383 383 15.791547
384 384 14.808032
384 607 2.0419278
384 1034 2.7869606
384 1812 2.057749
384 1849 2.0490088
384 2115 6.4331713
384 2170 2.6958287
385 385 14.095582
385 834 5.9538145
385 1119 8.777237
386 386 14.583393
387 387 21.33368
388 388 10.0
389 389 16.814278
390 33 6.455209
390 390 21.550129
390 594 5.2701077
391 391 11.592589
392 392 12.950956
393 393 13.150251
394 394 18.695835
395 395 11.508312
396 396 10.0
397 397 11.347441
398 398 9.999999
399 399 10.0
400 400 13.044157
401 401 11.653646
401 2935 1.9910972
402 402 11.781057
402 2620 2.102953
403 403 15.740805
404 404 11.567644
405 405 10.0
406 406 11.326198
406 488 2.715913
406 515 3.1879852
406 3086 2.2896962
407 407 9.999999
408 408 11.646503
409 409 11.778989
410 58 2.7925453
410 147 11.310026
410 289 3.3571525
410 410 36.336166
410 962 5.2860193
410 1211 4.390211
410 1357 2.6475606
410 1368 3.3835573
410 1419 2.6983066
410 1474 1.9854865
410 1566 2.0032256
410 2047 8.081821
410 2051 4.1962204
410 2159 8.491597
410 2361 3.3835573
410 2390 8.5086155
410 2497 3.3835573
410 2506 3.3825521
410 2663 10.667141
410 2868 3.408455
410 2971 2.6983066
410 2982 2.042991
410 3044 4.390211
411 411 11.477706
411 2419 3.712017
412 412 11.660125
412 807 2.0436497
412 1125 2.019
412 2514 3.5237293
413 413 50.409073
413 1159 1.9872553
413 1887 25.02772
414 414 9.999999
415 415 10.0
416 416 23.523218
417 417 10.0
418 418 14.933197
419 419 13.074356
420 420 14.437084
420 2236 2.113011
421 421 17.413559
422 422 9.999999
423 423 11.349809
424 424 9.999999
425 425 16.852665
425 520 2.131404
426 426 10.0
427 427 11.32709
428 428 10.0
429 429 35.84779
429 1281 4.0772066
430 430 10.0
431 431 10.0
432 432 10.0
433 433 13.452781
434 434 10.0
435 435 10.0
436 436 13.36053
436 631 2.986875
436 1418 5.690648
436 1903 5.690648
436 2045 5.690648
437 114 2.9851584
437 437 15.881316
437 487 2.730835
437 2938 2.0773568
438 438 11.378806
439 439 11.808422
440 440 10.0
440 1416 10.0
441 441 10.0
442 442 11.385717
443 443 14.600775
443 472 4.228799
443 475 2.80783
444 444 11.427153
445 445 10.0
446 174 4.9999995
446 446 9.999999
446 660 3.972853
446 2340 4.9999995
446 2364 7.3594046
446 2480 5.9999995
447 447 38.208054
447 474 4.4352565
448 448 14.133832
448 1524 1.981123
449 449 14.699795
450 450 11.324478
451 451 16.32258
452 452 14.283027
453 453 9.999999
454 454 9.999999
455 455 11.310533
456 456 10.0
457 457 10.000001
458 458 15.018415
459 17 2.0369964
459 459 13.043923
459 2898 5.5829434
459 3089 3.3424628
460 251 3.5497108
460 460 13.165547
460 1001 9.823477
460 1084 4.100229
460 2019 5.5388384
460 2216 3.3998933
460 2478 2.9217472
460 2891 2.9178543
460 3062 2.9614656
461 54 3.633891
461 461 14.353211
461 1558 2.2194917
461 1874 7.9364204
462 462 11.334539
463 463 10.0
464 464 10.0
464 768 6.9717927
465 465 14.332749
466 11 8.449688
466 127 2.9350264
466 340 2.8447459
466 345 7.689492
466 466 11.689492
466 585 3.6894915
466 759 3.6894915
466 1114 2.8447459
466 1190 3.6894915
466 1241 3.6894915
466 1300 3.6894915
466 1431 2.9350264
466 1434 7.689492
466 1558 3.6894915
466 1844 7.689492
466 1861 8.682413
466 2169 3.6894915
466 2185 2.9350264
466 2319 3.6894915
466 2489 3.6894915
466 2715 3.6894915
466 2895 3.6894915
466 2906 3.6894915
466 2939 3.6894915
466 2959 7.4346848
466 2991 5.8447466
467 467 11.471597
468 468 17.098745
468 1268 9.894973
468 2043 2.0779881
469 469 13.008309
469 2580 3.4721346
470 470 11.838428
471 471 11.689027
471 1589 2.1094418
472 443 4.228799
472 472 17.234694
472 475 1.9976994
472 1378 2.734348
472 1711 2.102196
472 2052 2.0491438
472 2166 2.093634
473 473 10.0
474 447 4.4352565
474 474 11.502741
474 936 5.2286997
474 2225 3.6633148
475 443 2.80783
475 472 1.9976994
475 475 11.680838
476 476 13.469873
476 508 2.157768
476 2922 4.12648
477 477 9.999999
478 478 11.690458
479 479 10.0
480 480 20.73218
481 481 11.370206
481 895 2.0056548
481 1775 2.0959876
482 482 10.0
483 483 15.764689
483 2924 2.7391276
484 484 10.0
485 485 14.188013
486 333 2.0477178
486 382 2.0057518
486 486 18.791561
486 671 4.2312336
486 1183 9.067562
487 114 2.9704459
487 437 2.730835
487 487 13.56214
487 2938 4.8170834
488 406 2.715913
488 488 14.338075
488 1689 2.3647594
488 1866 2.3647594
489 489 11.397925
490 490 20.978539
491 491 11.415392
492 492 10.0
493 493 11.496415
493 1726 2.1668
494 494 11.36801
495 495 13.27648
495 2304 2.1183107
496 496 14.399521
496 620 2.0149162
496 781 5.58304
496 1294 5.4204507
496 1314 3.4162068
496 1590 4.9476914
496 1718 3.4734182
496 1933 2.0072052
496 2007 4.2749357
496 2014 2.7787619
496 2216 2.858872
496 2641 4.3340364
496 2646 3.3502617
497 497 10.0
498 498 10.0
499 499 14.5766535
499 3102 2.0527682
500 500 11.792039
501 501 14.238846
501 1300 3.2034838
501 2895 2.5369654
501 2939 3.2250724
502 502 10.0
503 503 14.1931305
504 504 10.0
505 23 2.0998502
505 505 14.148676
505 2836 2.8732543
506 506 11.322595
506 3003 2.044902
507 507 10.000001
508 476 2.157768
508 508 14.462671
508 2508 2.1274517
508 2922 2.747664
509 250 2.0660937
509 355 4.3913517
509 509 15.868106
509 690 3.4605231
509 1386 2.7256682
509 1845 4.7637606
509 2167 3.5385368
509 2562 1.9907671
510 510 14.797558
511 511 27.69637
512 512 15.014713
512 2460 2.8128014
513 513 10.000001
514 514 19.167213
514 1602 2.6825073
514 1604 2.0619538
514 1812 2.6378684
514 2115 3.4307988
514 2170 3.3568518
515 406 3.1879852
515 515 15.365906
515 3025 3.221291
516 516 11.324025
517 517 10.0
518 518 11.330397
519 519 13.597386
520 425 2.131404
520 520 11.399397
521 521 11.665934
522 522 14.369463
523 523 9.999999
524 524 11.590532
525 71 2.1718426
525 307 4.6363683
525 525 11.382547
526 526 13.722096
526 995 2.7347243
527 96 4.1315274
527 527 28.278418
527 1515 2.0377562
527 1849 2.8388436
527 2115 6.2405005
527 2116 3.3294096
527 2839 2.6839585
527 2862 11.239002
528 528 31.519192
528 2145 6.7561474
529 529 23.544523
529 605 2.0
529 902 3.952983
529 1055 2.0481052
529 2876 3.3926053
530 530 13.085389
531 531 17.102531
531 630 2.2710173
531 924 4.433373
531 1139 2.3504636
531 1734 2.1258914
531 1762 2.186756
531 1931 2.0154638
531 1973 2.0778136
531 2157 2.0538583
531 2248 7.0233
531 2539 4.769251
532 532 20.388725
533 533 19.031998
533 1014 3.3199291
534 534 12.717592
535 535 10.0
536 536 14.165426
537 537 11.455942
538 538 10.0
539 377 2.7819219
539 539 19.41902
540 540 20.96685
540 578 2.0770373
540 839 4.130095
541 541 11.676377
542 542 16.279049
543 543 10.000002
544 544 10.0
545 545 9.999999
546 546 13.003954
546 2422 11.181791
547 547 16.853941
547 3110 2.1444616
548 548 17.84678
548 3141 2.252014
549 290 4.9143405
549 549 14.424538
549 675 2.3169668
549 1929 6.3606377
550 550 10.0
551 551 10.0
552 552 21.275755
552 681 2.260027
552 1224 4.2303967
552 1442 2.2849455
552 1531 2.7122238
552 2905 2.8292627
553 553 11.362822
554 554 11.369626
555 555 15.790585
555 850 2.7540345
555 2221 2.0058753
556 556 9.999999
557 557 10.0
558 558 11.477373
559 559 11.457771
559 2968 2.8153014
560 560 9.999999
561 561 14.735458
562 562 11.536454
563 563 10.000001
564 564 11.331306
565 565 11.425795
565 692 2.0358882
566 566 12.950586
566 839 2.813828
567 567 12.886174
567 1455 5.6682186
567 1961 3.1137304
568 568 11.687828
568 1530 2.302716
569 128 4.3336434
569 308 3.508757
569 569 10.0
569 1862 2.0794368
569 2375 2.0590696
569 2704 2.1558027
570 570 17.278769
570 1036 2.189749
570 1151 4.451588
570 1309 4.644426
570 1778 2.1542192
570 2349 2.2325811
570 2462 2.1420107
570 2575 2.335493
570 2729 2.802856
571 571 11.315616
572 572 9.999999
572 2751 2.1552558
573 573 11.420703
574 574 9.999999
575 575 24.679592
575 1697 3.0971866
576 576 10.0
577 577 11.377405
578 540 2.0770373
578 578 10.0
578 1372 2.6507208
578 2765 2.009034
578 2968 2.044081
579 579 11.443536
580 580 12.993565
580 2020 2.0529814
580 2402 2.1729102
581 581 11.397723
581 746 3.6670249
582 582 12.647432
582 693 2.072916
582 1514 3.3213737
583 583 11.364374
584 584 13.3095045
584 1001 2.6857054
585 11 3.6894915
585 127 3.6114755
585 340 2.5370848
585 345 5.347108
585 466 3.6894915
585 585 13.187312
585 759 5.1542315
585 1190 4.5594583
585 1241 5.1187954
585 1300 3.6894915
585 1401 3.2006364
585 1431 3.6114755
585 1434 4.6894917
585 1558 3.6894915
585 1844 3.6894915
585 1861 3.6894915
585 2118 2.4983299
585 2169 3.6894915
585 2185 3.6114755
585 2319 7.8675404
585 2489 4.4316125
585 2715 7.6894913
585 2895 4.6894917
585 2906 5.775067
585 2939 3.6894915
585 2959 3.6894915
585 3082 5.530776
586 586 11.417893
586 2557 2.2819886
587 587 14.397387
588 588 17.016712
589 589 10.0
589 1951 2.2524128
590 590 11.519419
591 110 2.911549
591 591 11.802975
592 270 2.1051033
592 592 11.558134
592 648 3.553341
592 713 2.7351723
592 1478 4.4056153
592 1784 5.3792944
592 2709 2.8446972
593 257 2.8044057
593 593 11.401835
593 1008 2.086582
593 1103 3.4415908
593 1312 2.7847915
593 1387 3.5728624
593 1748 4.701162
593 1845 2.0228624
593 1901 2.9380891
593 2065 2.0285554
593 2167 2.7791338
593 2439 1.9882466
593 3027 4.2486596
594 390 5.2701077
594 594 10.0
595 595 16.751396
596 596 14.204136
597 597 15.964294
598 598 11.34046
599 39 1.978785
599 213 2.760004
599 247 2.0023081
599 599 15.677232
599 2286 4.7356496
599 2633 4.769366
599 2946 2.898415
600 600 17.505362
600 1812 5.6844254
600 2839 2.081848
601 601 16.082981
601 2223 2.0264387
601 2447 2.0264387
602 89 7.0339518
602 313 2.193698
602 602 15.868421
602 1225 2.2406206
602 1286 2.0828667
602 1461 3.3780036
602 1762 2.072597
602 1872 2.8246078
602 1947 4.16378
602 2032 3.5577278
602 2327 2.0273414
602 2541 3.4801111
602 2603 2.9728327
602 2946 2.0203633
602 3085 2.062107
603 603 13.126988
603 1658 2.2119057
603 2916 3.7474203
604 604 11.563283
605 529 2.0
605 605 12.714613
606 606 11.504482
607 384 2.0419278
607 607 11.691239
607 2115 2.198629
608 608 11.394266
609 609 10.0
610 610 10.0
611 611 14.132051
612 612 11.302668
613 613 12.849117
613 2322 3.1200678
614 614 10.0
615 615 11.586147
616 616 10.0
617 143 2.0739608
617 617 11.302352
618 618 11.656162
619 619 15.85254
620 496 2.0149162
620 620 10.0
620 781 2.1264565
620 1026 2.2544749
620 1590 3.051089
620 1671 4.399517
620 1718 2.2151105
620 1931 2.972456
620 1933 5.1525497
620 2014 2.2356973
620 2646 2.4552774
620 2724 2.3791304
620 2946 2.843046
621 621 11.301666
621 1717 2.255014
621 1900 2.014851
622 622 10.0
623 101 2.2950163
623 623 10.0
623 628 2.0836563
623 1105 2.0340853
623 1832 2.1482701
624 624 16.25426
624 2975 2.1634016
625 625 11.308742
626 626 10.0
627 627 10.0
628 101 2.04873
628 623 2.0836563
628 628 10.0
628 1105 2.8220015
628 1832 2.251923
629 50 2.9279275
629 629 11.61349
629 992 1.9900157
629 2038 3.1529412
629 2579 3.795804
630 44 2.0107622
630 531 2.2710173
630 630 18.74536
630 924 2.3279738
630 1009 2.0301623
630 2248 2.7860703
630 2539 2.359233
631 436 2.9868753
631 631 11.316113
632 93 5.899384
632 632 13.343792
632 3147 4.9142213
633 633 11.862359
634 634 12.612943
634 1590 4.9939756
634 1931 2.7668178
634 1933 4.2181363
634 2007 2.185124
634 2014 2.8014834
634 2216 3.5922034
634 2641 2.6913886
634 2646 4.084837
634 2724 2.7998629
634 2946 3.4716635
635 635 17.461632
635 1955 2.0932615
636 636 10.0
637 637 20.39116
638 638 25.334682
639 639 11.581199
640 640 9.999999
641 641 16.005825
641 969 2.0300236
641 1021 2.9966764
641 1337 2.8814864
641 1413 2.7560384
641 2186 3.5190942
641 2426 3.7389588
642 642 12.850583
643 643 11.508044
644 644 14.628662
644 2712 2.037644
645 645 11.472371
646 646 10.0
647 647 11.371223
648 381 2.6513934
648 592 3.553341
648 648 14.310187
648 954 3.1342537
648 1254 2.0410047
648 1712 2.0891626
648 1784 4.1266937
648 1858 4.3867183
649 649 10.0
650 650 10.0
651 651 11.431876
652 652 10.0
653 653 11.716669
654 654 9.999999
655 655 11.980188
655 1571 4.2274113
656 656 12.823301
657 657 14.808743
658 658 14.832813
659 659 11.342392
660 174 6.660677
660 446 3.9728527
660 660 9.999999
660 2340 3.9728527
660 2364 6.036659
660 2480 4.9728527
661 661 12.687443
662 662 10.000001
663 663 11.812548
663 2937 2.5714757
664 664 11.339636
665 665 10.0
666 666 10.000002
667 667 13.160104
668 668 12.892191
668 2620 4.1520977
669 199 2.6470704
669 669 10.0
669 2620 2.0836415
669 2728 2.0278094
670 670 9.999999
671 486 4.2312336
671 671 15.67411
672 672 10.0
672 2171 7.7836113
673 207 2.04778
673 673 11.403961
674 674 11.652868
674 2876 2.8421745
675 143 2.2835145
675 290 2.742246
675 549 2.3169668
675 675 10.000001
675 1929 4.068806
676 676 10.0
676 2580 2.7268589
677 677 11.3292675
678 678 15.54414
679 679 11.664734
679 1590 2.1564214
679 1671 6.410058
679 1933 2.896729
679 2014 2.1450043
679 2554 2.8664079
680 680 10.0
681 552 2.260027
681 681 37.274994
682 682 9.999999
682 1224 3.457932
683 683 13.021743
684 684 9.999999
685 685 10.000001
686 686 10.0
687 687 16.845049
687 1554 7.698222
687 1680 5.449132
687 2102 2.0869799
687 2353 7.10038
688 688 10.0
689 689 11.302109
689 1068 3.615599
690 509 3.4605231
690 690 19.63794
690 787 5.689119
690 875 9.420579
690 1386 3.4428425
690 1808 6.258537
690 1845 2.8319726
690 2167 2.1684775
690 2857 2.0502927
690 2996 3.4794152
690 3077 4.0451307
691 691 14.410204
692 565 2.0358882
692 692 10.0
693 582 2.072916
693 693 11.398913
693 1514 2.0375242
694 694 18.981258
695 695 12.782457
695 2909 2.8171654
696 696 10.0
697 697 10.0
698 698 12.790758
699 699 14.817396
700 700 9.999999
701 701 10.0
702 702 14.218409
702 1344 2.0454118
703 703 10.0
704 704 11.768576
705 705 14.415199
706 706 9.999999
707 707 10.0
708 708 11.522884
708 2611 2.8611295
709 709 12.80516
709 3025 2.0428371
710 710 12.804445
710 794 2.2273526
711 711 12.9643
711 2642 2.1243653
712 712 9.999999
712 1730 2.025729
713 26 2.278123
713 270 2.742165
713 592 2.7351723
713 713 13.0438795
713 800 2.9281929
713 1254 2.6727288
713 1478 2.7120163
713 1784 2.9256535
713 2709 2.1595702
714 714 11.424713
715 715 12.631333
715 1139 2.85552
715 2941 2.073905
716 2 5.9999995
716 716 10.0
717 717 14.642275
718 718 18.45217
718 1403 2.0394652
719 719 15.8071995
719 1466 2.751081
719 1832 2.0063894
719 1936 2.0082333
720 340 4.1143074
720 720 30.853836
720 1165 3.4200826
720 2084 2.7714841
720 2149 1.9718974
720 2223 3.3445358
720 2275 6.8105946
720 2447 3.3445358
720 2762 4.7280993
720 2775 2.6429653
720 3134 4.6597652
721 92 2.0039182
721 721 24.777096
721 827 23.70771
721 1304 7.757115
721 2149 5.4627137
721 2591 3.353513
721 2599 4.8309016
721 2762 2.0194361
721 3134 4.912044
722 722 13.265001
723 723 18.942131
724 724 11.378521
725 725 11.308722
726 726 14.648817
727 727 10.000001
728 728 11.8181305
728 1034 2.0034065
728 1540 2.64328
729 729 39.178627
729 817 4.9278107
729 973 13.865484
729 1839 5.89793
729 2708 4.999068
730 730 13.489783
731 731 16.32613
732 732 34.241974
733 733 12.845734
733 2951 1.987741
733 2981 2.879157
734 734 11.398826
735 735 17.25709
736 736 13.427871
736 743 4.405648
736 880 3.7139356
737 737 11.856129
738 738 16.083445
739 739 12.788148
740 740 13.045383
741 741 12.867697
742 742 10.0
743 736 4.405648
743 743 9.999999
743 880 2.0
744 744 11.434128
745 11 2.5027723
745 322 3.0784671
745 745 16.938585
745 759 2.5207968
745 1241 10.126075
745 1300 2.520034
745 1686 7.258267
745 2132 2.6670134
745 2169 2.5027723
745 2406 6.470073
745 2489 3.9770498
745 3101 3.7308886
746 581 3.6670249
746 746 29.977795
746 1679 2.0178256
747 747 13.0801935
748 748 20.77316
748 1439 10.444523
748 1776 5.6347995
748 2475 5.411872
749 749 10.0
750 750 11.305441
751 751 11.868826
752 752 11.655776
753 753 12.659868
754 754 10.0
755 755 11.352467
756 756 16.922579
757 757 14.8496
758 758 10.0
759 11 3.6894915
759 127 2.9350264
759 164 4.7155175
759 322 2.5210655
759 345 4.3661447
759 466 3.6894915
759 585 5.154232
759 745 2.5207968
759 759 11.689492
759 1114 2.5688813
759 1120 2.507785
759 1190 4.38558
759 1241 6.512903
759 1300 3.6894915
759 1431 3.6120267
759 1434 3.6894915
759 1558 3.6894915
759 1686 3.4357646
759 1706 2.549824
759 1844 3.6894915
759 1861 3.6894915
759 2132 2.5688813
759 2169 3.6894915
759 2185 2.9350264
759 2319 4.4650517
759 2406 3.6776338
759 2489 6.477177
759 2715 5.154232
759 2895 3.6894915
759 2906 4.3460484
759 2939 5.0220394
759 2959 4.3964043
759 3101 2.1691542
760 128 2.0884411
760 218 2.0757139
760 760 16.2467
760 1417 2.0810764
760 1862 2.1287813
760 2704 3.073069
760 2767 2.3139834
761 128 7.9545135
761 308 6.334935
761 761 13.3709135
761 1755 2.7361026
761 1862 4.2454123
761 2375 7.619748
761 2704 5.713951
762 762 12.714451
762 2291 2.2206185
763 763 11.448247
764 764 10.0
765 765 15.181356
766 766 10.0
766 838 4.311276
766 2431 2.7121463
767 767 10.0
768 464 6.971792
768 768 9.999999
769 769 9.999999
770 770 17.572605
771 771 17.886454
772 772 12.962938
773 773 11.331024
774 774 11.453806
775 287 2.0068972
775 775 11.699554
775 2559 2.9875112
776 776 11.466009
777 218 4.071439
777 777 16.82485
777 905 2.2131894
777 1002 2.81429
777 1339 3.311877
777 1911 10.110968
777 1961 3.6452518
777 2654 5.7414913
777 2704 2.0898647
777 2756 3.0898876
777 2767 2.7428288
778 778 15.832814
778 1706 3.5517604
779 779 11.92825
779 1131 2.157297
779 2876 2.930232
780 780 11.72395
781 496 5.58304
781 620 2.1264565
781 781 12.677688
781 1294 4.7895036
781 1590 4.170272
781 1933 2.063238
781 2007 2.0780928
781 2014 2.126505
781 2216 4.0245976
781 2641 4.2714715
781 2646 2.9906445
782 782 11.807906
782 895 2.3166666
782 2146 3.7218497
783 783 11.410913
784 784 11.364439
785 785 10.000001
786 786 18.526367
787 690 5.689119
787 787 18.317902
787 875 12.464301
787 1808 8.852922
787 2996 6.249333
787 3077 3.589786
788 788 10.0
789 789 16.500496
789 1365 2.1353242
790 790 9.999999
791 791 10.0
791 1450 3.7025375
792 792 10.0
793 793 11.391114
794 710 2.2273526
794 794 10.0
795 795 12.778855
795 1571 2.8277755
796 796 11.651532
797 797 10.0
798 798 11.481762
799 799 9.999999
800 26 3.0826607
800 270 2.815819
800 713 2.9281929
800 800 13.076448
800 1254 2.1018953
800 1478 3.7344174
800 1784 3.1744258
800 2709 2.9086466
800 2960 2.9561038
801 801 12.96757
802 802 11.421383
803 803 14.542291
804 804 14.73592
805 805 10.0
806 806 9.999999
807 412 2.0436497
807 807 14.926428
807 1824 3.4194221
807 1955 4.1302133
807 2005 5.5202875
807 2221 4.0990543
807 2566 2.0831244
807 2725 3.3655553
808 808 14.221185
809 809 11.412297
809 2862 3.4029186
810 810 10.0
811 811 10.0
811 1402 1.9760795
812 812 11.518114
813 813 11.37715
814 814 15.891079
815 815 12.828669
816 816 12.83272
817 729 4.9278107
817 817 9.999999
817 973 3.438015
817 1184 2.1411648
818 818 21.040764
818 1513 2.5604923
818 2290 4.219974
819 819 9.999999
820 820 25.390703
820 1053 3.393274
820 1731 5.7205935
820 2484 2.0568047
821 821 10.0
822 822 11.317311
823 823 13.192751
824 824 12.635298
825 825 10.0
826 826 11.813961
827 54 2.0115895
827 92 3.3300583
827 721 23.70771
827 827 57.641975
827 1304 4.1692076
827 1373 2.6744494
827 1791 4.0180025
827 2149 7.4609776
827 2599 2.00563
827 3134 4.8748956
828 828 10.0
829 829 13.160924
830 830 17.644833
830 2556 2.1118689
831 831 12.972144
832 832 18.181772
833 833 16.148125
833 1139 2.7739377
833 2157 2.7131956
833 2327 2.1272047
834 385 5.9538145
834 834 21.610771
835 835 11.64423
835 2968 3.6816518
836 836 11.87331
836 2316 6.8733106
837 837 10.0
838 766 4.311276
838 838 25.13431
839 540 4.1300955
839 566 2.813828
839 839 13.493039
839 1277 2.016057
840 840 11.498669
841 841 12.665286
841 1040 1.9814055
841 2504 3.5227363
842 842 20.962437
842 1165 2.205403
842 1556 2.0640106
843 2 4.977827
843 843 32.46881
843 1738 4.7271214
844 844 11.479607
845 845 9.999999
846 846 10.0
847 847 10.0
848 848 12.858239
849 849 11.919228
850 19 2.0936618
850 555 2.7540345
850 850 17.446775
850 944 2.1057463
850 954 2.0358849
850 1457 2.0466573
850 2169 2.0886629
850 2196 2.2857113
850 3017 2.7563925
850 3149 2.2025099
851 851 10.0
852 852 11.537806
853 853 24.014029
854 854 12.863019
855 855 10.0
856 856 16.027794
856 1072 4.872625
857 857 15.046498
858 858 12.860233
858 982 2.8411453
858 1856 4.0742307
859 859 11.841986
860 860 10.0
861 861 9.999999
862 862 11.651566
863 863 10.0
864 864 11.69464
865 865 22.359625
866 866 11.386051
867 867 12.738478
868 868 17.410667
869 869 10.000001
870 870 11.845239
871 871 10.0
872 872 14.403483
873 873 12.876938
873 2423 4.461526
874 874 16.152956
874 2110 2.7919939
875 690 9.420579
875 787 12.4643
875 875 23.419342
875 1808 9.77892
875 2996 7.1902065
875 3077 6.4125795
876 876 23.946562
877 877 10.0
878 92 2.0229127
878 340 2.0434883
878 367 3.5253353
878 878 12.7642
878 2223 2.110227
878 2447 2.110227
878 2762 3.3307595
878 2775 2.0788443
878 3134 3.4758978
879 879 11.728152
880 736 3.7139356
880 743 2.0
880 880 10.000001
881 881 12.726261
882 882 11.861648
883 72 2.1126432
883 883 18.274094
883 1381 3.417106
883 2243 2.7406025
883 2610 2.1942222
884 884 20.043457
885 885 11.642258
886 886 11.715764
886 1304 2.0268383
886 1623 2.1942656
886 2223 2.1182804
886 2447 2.1182804
886 2762 2.005119
886 2775 2.0675285
886 3134 2.7799535
887 887 11.463807
888 888 15.747876
889 889 12.639046
890 37 2.9999995
890 890 9.999999
890 1562 3.9999995
890 1729 3.6588144
891 891 13.004536
892 892 11.532518
893 893 11.797866
894 894 14.714533
895 481 2.0056548
895 782 2.3166666
895 895 15.27256
895 1715 2.124392
895 1775 4.6457615
895 2100 5.124777
895 2146 9.081336
895 3004 2.4652324
896 896 14.11906
897 897 11.709769
898 898 14.231913
899 899 11.86342
900 900 10.0
901 901 9.999999
902 529 3.952983
902 902 10.0
903 903 12.7605
904 904 11.309706
905 218 2.0667257
905 777 2.2131894
905 905 11.319466
905 1002 3.407446
905 1058 2.2645667
905 1911 2.6556816
905 1961 2.026749
906 906 14.273409
907 907 14.3888035
908 908 11.434297
909 909 15.637558
910 910 14.808243
911 254 2.0367095
911 911 14.49675
911 969 2.2771382
911 1021 2.7886746
911 1337 2.7361393
911 1413 4.7612534
911 1610 3.4416718
911 1915 3.3826532
911 2038 2.119537
911 2186 4.057935
911 2253 2.0043454
911 2426 5.549429
911 2441 2.0877361
912 912 15.062393
912 979 2.1224854
912 1223 2.112378
912 1385 2.0644472
912 1712 2.134996
912 2291 2.8558395
913 913 9.999999
914 914 10.0
915 915 12.811069
916 916 11.613464
917 917 17.69984
918 918 13.198271
919 919 13.225255
920 920 16.719444
921 921 14.2810135
922 922 15.5907135
922 2409 2.1904545
923 923 14.837117
924 531 4.4333725
924 630 2.3279738
924 924 14.738639
924 1139 2.2454162
924 2248 4.3026953
924 2539 3.9550042
925 925 10.0
926 926 10.0
926 1817 2.237836
926 2522 4.2732935
927 927 11.561361
928 928 13.077201
928 1426 2.136143
929 929 11.417844
930 310 3.5529664
930 930 33.40214
930 2333 3.5763867
930 3023 7.5394535
931 931 11.472586
932 932 10.000001
933 933 11.369468
934 934 10.0
935 935 12.765789
936 474 5.2286997
936 936 26.011274
936 1503 3.6207952
936 2040 2.0641923
