0 0 28.329426
0 1183 1.3249929
0 2376 1.492796
0 2455 1.5299184
0 2930 10.58352
1 1 19.716936
2 2 10.0
2 716 5.9999995
2 843 4.977827
2 1738 1.363255
3 3 11.314769
3 1370 1.301321
4 4 12.940618
5 5 12.932212
6 6 12.774768
7 7 10.0
7 359 1.4440956
7 1021 2.7296753
7 1081 1.3598933
7 1106 1.3286922
7 1413 2.1533194
7 1610 1.3349631
7 1915 1.3156996
7 2115 2.801373
7 2426 2.011096
7 2459 1.4455655
7 2997 2.137474
8 8 11.670345
9 9 11.427113
10 10 10.0
11 11 11.689492
11 127 2.9350264
11 164 1.8447459
11 322 1.8447459
11 340 1.8447459
11 345 7.689492
11 466 8.449688
11 501 1.8447459
11 585 3.6894915
11 745 2.5027723
11 759 3.6894915
11 1114 1.8447459
11 1120 1.8447459
11 1165 1.8447459
11 1190 3.6894915
11 1241 3.6894915
11 1300 3.6894915
11 1401 1.8447459
11 1431 2.9350264
11 1434 8.418933
11 1558 3.6894915
11 1623 1.8447459
11 1706 1.8447459
11 1844 7.689492
11 1861 8.437809
11 1938 1.8447459
11 2118 1.8447456
11 2132 1.8447459
11 2169 4.6894913
11 2185 2.9350264
11 2198 1.8447459
11 2319 3.6894915
11 2489 3.6894915
11 2548 1.8447459
11 2615 1.8447459
11 2715 3.6894915
11 2895 3.6894915
11 2906 3.6894915
11 2939 3.6894915
11 2959 7.675928
11 2991 5.8447466
11 3082 1.8447459
11 3118 1.8447459
12 12 10.0
13 13 11.393695
14 14 14.295857
15 15 11.434799
15 2146 2.0918446
16 16 11.538755
17 17 14.684399
17 459 2.0369964
17 2236 1.3300469
17 2305 2.0080597
17 2898 4.7545266
17 3089 7.0223765
18 18 12.998452
18 128 3.536646
18 308 1.4075202
18 761 1.365834
18 1755 1.4969845
18 2375 2.763554
18 2704 1.3417871
19 19 18.63374
19 850 2.0936618
20 20 11.590432
21 21 10.0
22 22 14.112011
23 23 14.045448
23 226 1.3961812
23 505 2.0998502
23 2836 2.246879
24 24 10.0
25 25 11.716501
26 26 13.679017
26 270 2.2181945
26 369 3.5699334
26 713 2.278123
26 800 3.0826607
26 1784 1.4535656
26 1849 1.3815516
26 2709 2.749938
27 27 9.999999
28 28 12.809096
29 29 15.715972
30 30 10.0
30 2649 1.3439877
30 2736 1.3713864
31 31 10.0
32 32 10.0
32 128 1.3430198
32 526 1.3640375
32 1487 1.3988178
32 2382 1.3336667
32 2628 1.4651048
33 33 11.8162985
33 390 6.4552083
33 594 1.541178
34 34 9.999999
35 35 12.784094
35 154 2.1290247
36 36 10.0
37 37 11.556216
37 314 1.4076059
37 890 2.9999995
37 1562 3.9999993
37 1729 9.215308
38 38 14.194077
39 39 11.766419
39 247 1.3651652
39 599 1.978785
39 1294 1.3274517
39 2014 1.5181149
39 2286 1.429122
39 2317 1.3332529
39 2633 2.1053574
39 2641 2.7257528
40 40 11.870926
41 41 11.455988
42 42 11.358136
42 195 3.5483267
42 277 1.3146002
42 406 1.4587877
42 709 1.3699442
42 1730 1.3595939
42 1829 2.28337
42 1885 1.3766685
42 2556 1.3753157
42 2587 2.9460871
42 3024 2.138422
42 3025 1.4193707
42 3086 3.7361517
43 43 13.132085
43 755 1.3936259
43 1446 1.3680854
44 44 11.483686
44 630 2.0107622
45 45 12.7195835
45 213 1.3491764
45 290 1.336731
45 384 1.3246946
45 1077 2.0125947
45 2115 1.3050444
45 2170 3.5132608
45 2641 1.3683894
46 46 14.96046
46 347 2.0065527
46 2712 2.249455
47 47 9.999999
47 350 1.463422
48 48 12.901579
48 406 1.5039353
48 1829 1.608308
48 2587 2.2826352
48 3086 4.639458
49 49 11.304908
50 50 11.490681
50 629 2.9279275
50 911 1.592169
50 1800 2.2268035
50 2038 1.495854
50 2196 1.349937
50 2579 1.3222384
50 2951 1.9730196
51 51 10.0
52 52 10.0
53 53 11.56292
54 54 15.64566
54 360 2.1385207
54 461 3.633891
54 827 2.0115895
54 1791 1.3738837
54 1874 2.1420317
54 2317 1.464937
54 2762 1.5167344
54 3082 1.3727522
54 3132 1.3832847
55 55 11.530768
56 56 10.0
57 57 23.980791
57 1281 1.3557665
58 58 26.633163
58 147 2.6946607
58 161 2.0425377
58 242 14.0844345
58 289 1.3891898
58 410 2.7925453
58 962 1.3250759
58 1185 2.081806
58 1211 2.8002005
58 1357 4.128193
58 1368 2.7541873
58 1474 1.3272028
58 1737 1.3488121
58 1848 2.081806
58 2047 1.9723072
58 2159 3.431651
58 2272 1.3696964
58 2361 2.7541873
58 2373 1.3550687
58 2390 15.9073925
58 2497 2.7541873
58 2506 1.3388236
58 2663 4.8979964
58 2868 2.0588062
58 2982 7.197316
58 3044 2.8002005
59 59 10.0
59 1643 2.636687
60 60 11.783422
61 61 11.858344
62 62 11.642222
63 63 14.280615
63 536 1.3327698
63 733 1.5376825
63 2951 1.4660199
64 64 11.941426
65 65 11.726672
66 66 13.129917
67 67 10.0
68 68 13.212622
69 69 10.000001
69 3112 1.9999998
70 70 10.000001
71 71 11.786239
71 307 1.5042742
71 393 1.5419989
71 525 2.1718426
71 898 1.340265
71 1041 1.5055279
71 1323 1.327644
71 1399 1.3621198
71 1723 1.447921
71 1800 1.4016201
71 2020 3.535783
71 2115 1.3413699
71 2201 1.432954
71 2752 1.3349358
72 72 10.0
72 883 2.1126432
72 2243 1.390786
73 73 10.0
74 74 10.0
75 75 13.123059
75 1952 1.3422961
76 76 29.637758
77 77 12.93696
77 474 1.3506129
77 589 1.3513469
77 936 1.3991495
77 1775 1.4003563
77 1951 1.3983945
77 2225 1.3165921
78 78 14.291088
78 508 1.3234427
78 578 1.3955514
78 1169 2.030136
78 1372 1.4082255
78 2499 2.0503876
78 2508 2.8495388
78 2799 1.3425202
78 2968 4.7967777
79 79 11.7262745
79 1467 1.3486258
79 2736 1.3637502
80 80 11.490859
81 81 24.781715
81 86 2.1522713
81 807 1.3913875
81 1035 4.355504
81 1824 20.36441
81 1955 7.1743374
81 2005 10.1071005
81 2067 3.9468036
81 2179 2.6827111
81 2221 1.995352
81 2566 1.3768494
81 2725 9.496076
81 3057 6.7768097
82 82 10.0
83 83 14.277121
83 2874 3.5450656
84 84 13.200373
85 85 11.516502
85 327 1.3973701
86 81 2.1522713
86 86 10.0
86 807 1.3908074
86 1161 2.0
86 1822 2.0000002
86 1824 4.2284036
86 1955 2.836386
86 2005 2.1847804
86 2067 1.9772918
86 2221 2.0111806
86 2566 1.3636779
86 2725 1.3906702
86 3057 2.019126
87 87 11.768912
88 88 14.345359
89 89 11.893795
89 213 1.3971475
89 313 1.3901308
89 602 7.0339518
89 628 1.4942324
89 800 1.3466184
89 1286 1.3721853
89 1461 2.046308
89 1590 1.3805261
89 1762 1.3605961
89 1872 1.3503273
89 1947 2.8124378
89 2007 2.206273
89 2032 2.076386
89 2327 1.3145287
89 2541 1.4797096
89 2603 2.1536622
89 2641 1.3239392
89 3085 1.3581724
90 90 18.431286
90 117 2.0500712
90 766 1.4321449
90 1059 1.3332545
90 1634 1.5009902
90 2206 1.3278035
90 2511 3.0734568
91 91 14.174633
91 1050 1.3217492
92 92 12.818648
92 340 2.0591886
92 367 1.4057348
92 721 2.0039182
92 827 3.3300583
92 878 2.0229127
92 1304 2.0108569
92 1791 3.601063
92 2084 1.353828
92 2149 2.1383283
92 2223 3.3881273
92 2447 3.3881273
92 2591 2.0059845
92 2599 2.9377038
92 2608 1.411583
92 2762 1.994668
92 2775 2.0736365
92 3082 1.3597857
92 3134 5.558454
93 93 14.544056
93 632 5.8993835
93 3147 4.785799
94 94 13.1921215
94 255 2.8468585
94 793 1.3840475
94 1402 4.4471426
94 2875 2.888794
94 2957 1.4298711
94 3095 1.348853
95 95 10.0
95 1309 1.577539
96 96 12.644121
96 384 1.3446575
96 514 1.3888022
96 527 4.131528
96 809 1.3453131
96 1034 1.3508139
96 1106 1.3733613
96 2020 1.9913731
96 2115 4.117298
96 2862 2.0603516
97 97 23.239649
97 1542 1.3596461
98 98 11.371356
98 227 1.4578025
99 99 11.330782
100 100 11.406577
100 128 1.9653708
100 526 1.4163823
100 760 1.4285158
100 761 1.410072
100 905 1.3833668
100 1487 2.1011322
100 1862 1.4578265
100 2382 2.7788284
100 2628 1.5085251
100 2704 2.008895
100 2729 3.03873
101 101 15.706652
101 623 2.2950163
101 628 2.04873
101 719 1.4856801
101 1105 2.1293335
101 1466 1.3535783
101 1832 5.073334
101 2166 1.4113503
101 2878 1.3388671
102 102 11.4366045
102 531 1.3932292
102 924 1.326131
102 1936 1.4100028
102 2539 1.4029533
102 2979 1.3312833
102 3084 1.4164171
103 103 15.74967
103 1053 1.3309274
103 2135 1.3439733
104 104 14.102266
105 105 10.000001
106 106 12.947087
107 107 13.330599
107 552 1.3169823
107 891 1.38007
107 1730 1.3599459
107 1786 1.4613674
107 1885 3.0936267
107 2542 1.4170613
108 108 15.9874325
108 723 1.3198578
108 1067 2.103495
108 1317 1.4580568
109 109 15.908338
110 110 17.427729
110 526 1.3435395
110 591 2.9115496
110 2334 1.3836238
110 2581 1.36653
110 2972 1.3600193
111 111 16.095
111 129 1.3507192
112 112 10.0
113 113 10.0
113 1835 1.9870799
114 114 12.7867155
114 437 2.9851584
114 487 2.9704456
114 669 1.3292209
114 1360 2.8106656
114 2177 1.3721669
114 2620 3.4541376
114 2728 1.3566451
114 2938 2.9515905
115 115 18.508352
115 1913 1.4624112
116 116 19.057552
117 90 2.0500712
117 117 12.896922
117 1046 1.6225574
117 1823 1.3735065
117 2206 1.3908528
118 118 10.0
118 2294 1.3634591
118 2693 1.3273242
119 119 11.880052
119 1707 1.3508782
119 1841 1.3265083
119 2430 1.3508782
120 120 15.629559
121 121 10.0
121 378 2.1611118
121 2595 4.32123
121 2738 3.5271244
122 122 11.459184
123 123 10.0
123 1276 1.4712453
123 1539 1.4792831
123 1932 1.3317357
124 124 10.0
124 269 1.375183
124 395 1.3416922
124 908 1.3729484
124 2034 1.3493968
125 125 11.561504
125 2834 1.4384329
126 126 13.582319
126 1873 1.4951847
127 11 2.9350266
127 127 11.677068
127 164 1.4814892
127 322 1.4814892
127 340 1.4814892
127 345 4.967199
127 466 2.9350266
127 501 1.4814892
127 585 3.6114755
127 745 1.4814892
127 759 2.9350266
127 1114 1.4814892
127 1120 1.4814892
127 1165 1.4814892
127 1190 2.9350266
127 1241 2.9350266
127 1300 2.9350266
127 1401 1.4814892
127 1431 4.6770687
127 1434 3.6114755
127 1558 2.9350266
127 1623 1.4814892
127 1706 1.4814892
127 1844 3.6446028
127 1861 3.6285872
127 1938 1.4814892
127 2118 2.1075058
127 2132 1.4814892
127 2169 2.9350266
127 2185 4.6770687
127 2198 1.4814892
127 2319 3.6114755
127 2489 2.9350266
127 2548 1.4814892
127 2615 1.4814892
127 2715 3.6114755
127 2895 3.6114755
127 2906 2.9350266
127 2939 2.9350266
127 2959 2.9350266
127 2991 2.1797223
127 3082 2.157938
127 3118 1.4814892
128 18 3.536646
128 32 1.3430198
128 100 1.9653708
128 128 31.4892
128 308 15.518063
128 355 1.4330605
128 432 1.3649256
128 569 4.3336434
128 760 2.0884411
128 761 7.9545135
128 1002 1.618007
128 1248 2.7670975
128 1417 1.3459024
128 1655 2.6700222
128 1755 8.979607
128 1862 9.092318
128 1924 1.4242278
128 2375 19.3854
128 2462 2.674972
128 2704 12.0323305
128 2756 1.4159665
129 111 1.3507192
129 129 10.000001
130 130 11.581625
131 131 13.415157
131 2267 3.5356503
131 2358 1.6262393
131 2382 1.4225342
132 132 18.912968
132 1011 4.008338
132 1506 1.3494552
132 2876 2.055086
132 2957 1.3471706
133 133 17.0168
134 134 11.352411
135 135 31.90408
135 366 2.1040785
136 136 10.0
137 137 11.478934
137 2809 1.384195
138 138 18.528048
139 139 11.332372
140 140 9.999999
141 141 10.0
142 142 11.701867
143 143 15.147336
143 617 2.0739608
143 655 1.3199236
143 675 2.2835145
144 144 11.322474
145 145 11.37551
145 1839 1.3897908
146 146 9.999999
146 514 1.3186641
147 58 2.6946607
147 147 25.650887
147 161 4.725458
147 242 3.3372035
147 253 4.0242906
147 289 2.1452057
147 410 11.310027
147 962 2.0567803
147 1043 2.6437397
147 1045 1.3727489
147 1211 3.1507745
147 1357 3.5763793
147 1368 4.1347127
147 1419 1.339354
147 1566 2.069219
147 1913 1.4330201
147 2047 9.8402815
147 2051 2.9566135
147 2159 8.763938
147 2361 4.1347127
147 2373 3.4574242
147 2390 6.8832374
147 2497 4.1347127
147 2506 7.033408
147 2663 5.939152
147 2868 3.5326142
147 2971 1.339354
147 2982 1.4806994
147 3044 3.1507745
148 148 12.866222
149 149 11.8744545
149 648 1.445596
149 3111 3.5449147
150 150 10.000001
150 582 1.3126216
150 940 1.3018163
150 979 1.3685837
150 1034 1.3940874
150 1514 1.9850767
150 1577 1.3826846
150 1835 1.3111534
150 2531 2.1788034
150 2849 2.800433
150 2883 2.0801969
150 2915 1.4498637
151 151 10.000001
152 152 17.882786
153 153 10.0
154 35 2.1290247
154 154 10.0
155 155 10.0
156 156 14.332594
156 359 1.349956
156 641 1.3521887
156 992 2.0303416
156 1021 2.868987
156 1081 1.5159073
156 1337 2.1136026
156 1413 2.087263
156 1610 1.4389186
156 1915 1.4172378
156 2186 3.5611281
156 2196 1.3879954
156 2253 1.3168453
156 2426 4.1757727
156 2849 1.3235602
156 2910 1.3431084
156 2981 1.3192154
157 157 11.722618
157 2629 3.4599879
158 158 17.504335
158 176 1.3271532
158 2576 1.3902727
159 159 10.0
160 160 11.696997
161 58 2.0425377
161 147 4.725458
161 161 17.265085
161 242 3.3558388
161 253 1.3177869
161 1357 2.0304337
161 1368 2.0040622
161 2047 4.8112574
161 2159 3.4135664
161 2361 2.0040622
161 2373 2.0225337
161 2390 1.9934833
161 2497 2.0040622
161 2506 1.3975643
161 2663 3.4266114
161 2868 1.3549615
162 162 9.999999
163 163 17.871973
163 967 1.4377084
163 2263 1.3678991
164 11 1.8447459
164 127 1.4814892
164 164 14.670639
164 322 7.178211
164 345 1.8447459
164 466 1.8447459
164 585 1.8447459
164 759 4.715517
164 1114 4.84464
164 1120 3.9999995
164 1190 1.8447459
164 1241 2.5852983
164 1300 1.8447459
164 1431 1.4814892
164 1434 2.5260646
164 1558 1.8447459
164 1844 2.5105057
164 1861 2.5106883
164 2118 3.8447456
164 2132 4.873104
164 2169 1.8447459
164 2185 1.4814892
164 2319 1.8447459
164 2406 6.155171
164 2489 2.6085095
164 2548 2.3721802
164 2715 1.8447459
164 2895 1.8447459
164 2906 1.8447459
164 2939 1.8447459
164 2959 1.8447459
165 165 11.418694
165 852 1.3931663
166 166 17.53031
167 167 9.999999
168 168 11.650819
168 460 1.3965936
169 169 16.130726
169 219 2.7940722
169 230 2.8123488
169 603 1.4480996
169 965 9.382201
169 967 1.4829402
169 1267 3.318007
169 1321 1.3274438
169 1403 1.360825
169 1685 2.1023426
169 2404 2.9017544
169 2537 2.7119608
169 2901 1.3895943
169 3041 2.1336234
170 170 11.431828
170 2559 2.90264
171 171 10.0
172 172 10.0
173 173 10.0
174 174 10.0
174 446 4.9999995
174 660 6.660677
174 2340 4.9999995
174 2364 7.0972376
174 2480 5.9999995
175 175 11.349711
176 158 1.3271532
176 176 11.394151
176 1588 1.4342277
177 177 12.758732
177 1009 2.2458854
177 1025 1.3794626
177 1139 2.0119538
177 2157 2.7496197
178 178 9.999999
179 179 10.0
179 418 1.506993
179 1133 1.4792073
179 1643 2.340962
179 3108 1.3666509
180 180 12.6892
181 181 10.0
182 182 11.300698
182 2576 1.3406687
182 3067 1.3890934
183 183 11.488805
184 184 9.999999
184 1491 1.6142656
184 2078 1.3955002
185 185 12.748116
185 1711 1.3421926
186 186 10.0
186 2182 1.3360491
187 187 10.0
187 2307 1.3315793
188 188 10.0
189 189 13.151515
189 531 1.3440549
189 630 1.4523256
189 1642 2.1374578
189 1661 2.0994873
189 1712 3.072474
189 1931 1.6312649
189 2007 1.3463533
189 2157 1.4050772
189 2248 1.3117986
189 2539 1.3740404
189 2846 1.4864764
190 190 19.010387
191 191 11.415804
191 1227 1.5406632
191 1595 2.0209997
191 2690 1.4406087
192 192 10.0
193 193 11.488643
194 194 10.0
195 42 3.5483267
195 195 11.304502
195 1829 2.1331537
195 2556 1.4121879
195 2587 2.791844
195 2933 1.3756139
195 3086 3.59261
196 196 10.0
196 603 1.432439
197 197 11.547943
197 1961 1.382993
197 2654 1.3430953
198 198 11.3345585
198 1344 2.6158717
199 199 17.717655
199 669 2.6470704
199 1949 1.5045805
199 2620 1.3749574
199 2728 6.649675
200 200 12.630889
200 499 1.3870687
201 201 16.956396
201 1001 1.359919
201 2456 1.441406
202 202 10.0
202 479 1.3823384
203 203 11.613276
203 506 1.4513578
203 2896 1.3546286
204 204 14.745984
205 205 14.184689
205 2968 1.9632254
206 206 11.684007
207 207 14.706501
207 658 1.3282022
207 673 2.04778
207 2597 1.3188072
207 2661 1.3919427
208 208 10.0
209 209 11.500217
210 210 12.896911
210 1022 3.4984665
210 1502 2.1243072
210 1811 1.4192814
211 211 17.088987
211 1517 1.8023763
212 212 10.000001
213 45 1.3491764
213 89 1.3971475
213 213 9.999999
213 599 2.760004
213 602 1.4283013
213 630 1.3334144
213 715 1.3818753
213 1931 1.4240859
213 2032 1.3929266
213 2286 2.03359
213 2539 1.3334639
213 2633 2.787995
213 2946 1.3841331
214 214 11.4965515
214 2472 1.3738216
215 215 10.000001
216 216 14.771742
216 1019 2.1760468
217 217 11.437864
217 275 1.4337506
218 218 11.869608
218 526 1.3635795
218 760 2.0757139
218 777 4.071439
218 905 2.0667257
218 1002 1.3560197
218 1151 1.3596528
218 1603 1.318065
218 1911 5.5725775
218 1961 2.656913
218 2654 2.7521632
218 2704 1.3482919
218 2756 1.9967239
218 2767 2.022491
219 169 2.7940722
219 219 16.590992
219 1204 1.3457146
220 220 11.657681
220 1454 1.3324255
221 221 11.312818
221 1603 1.3244867
221 3045 2.205205
222 222 10.0
223 223 11.440233
224 224 10.0
225 225 38.556355
225 2606 2.009879
226 23 1.3961812
226 226 21.442324
226 505 1.3691318
226 624 1.3400972
226 2457 1.374021
226 2990 1.3322496
226 3019 1.3138202
227 98 1.4578025
227 227 17.737259
227 1260 6.131982
227 1473 1.3102591
227 1884 1.3235819
227 2212 2.7615278
228 228 11.300852
228 1184 2.06625
228 1813 3.4552205
228 1823 2.0551968
229 229 11.493883
229 582 1.3576889
230 169 2.8123488
230 230 28.56007
230 335 3.8851926
230 718 1.4644537
230 965 2.8123488
230 1153 2.02416
230 1210 1.3245537
230 1321 1.3895862
230 1403 7.7508087
230 1658 1.3597579
230 1685 5.9308996
230 1818 2.042308
230 1854 4.7143226
230 2838 2.02416
230 2901 6.333333
230 3041 9.068557
231 231 11.311699
231 1471 1.3380113
231 2236 2.9398541
232 232 19.64882
232 2733 22.768925
233 233 17.918335
233 1265 1.3286344
233 1802 11.788947
234 234 9.999999
235 235 11.894192
235 1021 2.1013324
235 1610 1.389682
235 1800 1.3775926
235 2186 2.6374667
235 2426 3.3911285
235 2876 2.0534353
236 236 12.806717
236 1102 2.0012555
237 237 9.999999
238 238 10.0
238 357 2.6584194
239 239 10.0
240 240 10.0
241 241 11.79088
242 58 14.0844345
242 147 3.3372033
242 161 3.3558388
242 242 35.182816
242 289 2.0246377
242 410 1.3497119
242 962 12.320789
242 1185 2.0101876
242 1211 2.6627054
242 1262 1.3547087
242 1357 1.3342177
242 1368 4.774802
242 1737 3.472425
242 1848 2.0101876
242 2047 4.6548333
242 2051 4.081107
242 2092 1.5502763
242 2159 7.3964143
242 2361 4.774802
242 2373 3.577332
242 2390 11.157987
242 2497 4.774802
242 2506 2.6857336
242 2589 2.640041
242 2663 8.128874
242 2868 4.1129227
242 2982 12.477344
242 3044 2.6627054
243 243 12.671387
243 1627 2.09832
243 2442 3.5782535
244 244 10.0
244 823 1.3780341
244 1667 1.326129
244 1951 1.5949922
244 2645 1.4149165
245 245 10.000001
246 246 11.597656
246 2242 1.318162
246 2369 1.4127502
247 39 1.3651652
247 247 19.283365
247 301 1.3897847
247 313 1.3264258
247 599 2.0023081
247 602 1.3268497
247 1461 2.755451
247 1671 1.3877404
247 1762 1.3768003
247 1835 3.4288378
247 1872 1.3968362
247 1933 1.3675429
247 2032 1.376939
247 2286 2.007629
247 2541 1.3501079
247 2603 1.4732642
247 2633 4.208749
247 2732 1.3770566
247 2946 1.3215376
247 3085 1.3256803
248 248 11.300226
249 249 11.61174
249 477 1.5319725
249 3137 1.4231503
250 250 10.0
250 509 2.0660937
250 690 1.362545
251 251 15.6709385
251 460 3.5497108
251 1001 4.164382
251 1084 2.2888007
251 1953 1.3394363
251 2456 1.5330535
251 2478 1.3177648
251 3062 2.0814035
252 252 10.0
252 1407 1.3440135
253 147 4.0242906
253 161 1.3177869
253 253 17.064573
253 289 2.0481377
253 1043 2.0163746
253 1357 2.1533208
253 1368 1.3988245
253 2047 4.770156
253 2051 1.9822111
253 2159 3.9605532
253 2361 1.3988245
253 2373 2.0845366
253 2497 1.3988245
253 2506 2.1061995
253 2663 3.418096
254 254 15.707733
254 359 1.3894488
254 641 1.491529
254 911 2.0367095
254 969 2.6964016
254 992 2.8266182
254 1021 7.4237137
254 1081 2.317452
254 1131 1.9937584
254 1273 1.3872021
254 1337 7.843685
254 1413 5.561287
254 1610 3.5983047
254 1896 1.3458326
254 1915 3.0512514
254 2186 10.143454
254 2196 1.3854568
254 2253 2.0957005
254 2426 7.3537045
254 2437 1.3422966
254 2533 1.3414648
254 2849 2.7587361
254 2904 3.0292459
254 2951 1.3498862
254 2981 2.8830712
255 94 2.8468585
255 255 13.389155
255 902 1.4409167
255 1402 3.0579872
255 2585 1.3349245
255 2875 1.4859998
255 2957 2.7356644
255 3095 1.4566709
256 256 9.999999
256 270 1.4605343
256 381 1.5677624
256 1001 1.3636656
256 1590 2.0608063
256 2032 2.3862224
256 2216 2.0469992
257 257 11.381398
257 593 2.8044057
257 1103 3.466673
257 1229 1.3641882
257 1387 2.7155712
257 1748 2.0510833
257 2065 2.7296503
257 2167 2.7561903
257 2439 2.0934148
257 3027 4.151206
258 258 11.300794
259 259 15.986536
259 1449 1.3382616
260 260 22.93714
260 1520 1.3441024
260 2059 2.8056467
260 3014 11.57244
260 3023 1.4421355
261 261 11.690172
261 518 1.350791
262 262 12.994591
263 263 11.948064
263 967 1.3358037
263 1157 2.7868025
263 1956 2.1929822
264 264 11.358763
264 1726 2.1901727
264 1993 1.6735349
264 2295 2.3306694
265 265 11.402444
265 1905 2.704494
265 2924 6.0925016
265 3135 1.5403104
266 266 15.1768265
267 267 19.812414
268 268 13.270905
268 3007 1.3331466
269 124 1.375183
269 269 10.0
269 1326 1.3816714
270 26 2.2181947
270 256 1.4605343
270 270 11.622598
270 369 1.982851
270 381 1.3256277
270 592 2.1051033
270 648 1.3053617
270 713 2.742165
270 800 2.815819
270 1227 2.8104353
270 1254 1.3604069
270 1460 1.3985544
270 1470 1.5512161
270 1478 2.9739833
270 1577 1.4103074
270 1784 1.3724636
270 1849 1.331368
270 1858 1.3166847
270 2709 2.7870197
270 2960 1.4085476
271 271 10.0
271 1011 2.014515
271 1407 1.7069991
271 1516 1.3396497
271 2334 1.523587
271 3027 2.0023808
272 272 12.89656
273 273 13.10593
273 1158 1.4299421
274 274 12.877671
275 217 1.4337506
275 275 11.621933
276 276 14.550781
276 3094 1.4423616
277 42 1.3146002
277 277 10.0
277 1951 1.3477305
277 2750 1.4593709
278 278 12.869854
278 1079 2.223764
278 1714 1.3982918
278 1835 1.4232843
278 2216 1.3256164
279 279 10.000001
280 280 11.438024
280 1086 1.3461766
281 281 12.780449
282 282 17.203617
283 283 17.613422
284 284 11.681413
284 2165 1.6800979
285 285 11.783935
286 286 10.0
287 287 14.228937
287 775 2.0068972
287 1339 2.1328475
287 1487 1.3294122
287 1680 1.3272264
287 2559 5.425305
287 3048 1.4728281
288 288 31.98521
288 2005 2.0058634
288 2221 1.3342555
288 2566 9.887481
289 58 1.3891898
289 147 2.1452057
289 242 2.0246377
289 253 2.0481377
289 289 24.093271
289 410 3.3571525
289 1357 1.3130405
289 1368 2.106673
289 1823 1.3688211
289 2047 4.85365
289 2159 3.4544797
289 2356 1.3859994
289 2357 1.3071642
289 2361 2.106673
289 2373 1.3470793
289 2497 2.106673
289 2506 1.3540967
289 2663 2.8434494
289 2868 2.0320776
290 45 1.336731
290 290 14.125565
290 384 1.3618091
290 549 4.914341
290 675 2.742246
290 1077 1.409213
290 1636 2.86342
290 1929 4.6831274
290 2020 1.368227
290 2033 2.1734672
290 2115 1.9845018
290 2170 1.374449
291 291 11.316737
292 292 13.08019
292 2065 1.3552275
293 293 10.0
294 294 10.0
294 2835 1.8548374
294 3055 1.3230085
295 295 9.999999
295 2790 1.462076
295 3095 1.3682967
296 296 10.0
296 1804 1.3814499
296 2696 1.3469077
297 297 10.0
298 298 11.3307
299 299 9.999999
300 300 12.7678175
300 2785 1.454954
301 247 1.3897847
301 301 11.640721
301 602 1.3662167
301 1461 2.2203064
301 1762 1.3879997
301 1947 1.3960838
302 302 11.544098
303 303 11.809807
303 1407 1.6200871
303 1907 1.4029431
303 2080 1.3559487
304 304 11.474691
305 305 13.3044195
305 958 3.746118
306 306 25.012089
306 1082 10.619613
306 2643 1.3178711
307 71 1.5042742
307 307 9.999999
307 493 1.4874398
307 525 4.6363683
307 2465 1.4600034
308 18 1.4075202
308 128 15.518063
308 308 18.023884
308 432 1.3847972
308 569 3.508757
308 760 1.3707349
308 761 6.334935
308 1058 2.1062279
308 1417 1.4150617
308 1755 5.555396
308 1862 3.7244744
308 2375 11.161801
308 2462 2.7079391
308 2704 6.525467
308 2756 1.3543079
309 309 12.7197895
309 3105 1.3016572
310 310 17.040216
310 930 3.5529664
311 311 10.0
312 312 11.469904
313 89 1.3901308
313 247 1.3264258
313 313 10.0
313 580 1.3841262
313 602 2.193698
313 1343 2.0139284
313 1461 1.4564338
313 1577 1.340199
313 1947 1.4523466
313 2541 2.7829294
314 37 1.4076059
314 314 11.641421
315 315 10.0
316 316 11.317561
317 317 11.333002
317 1141 1.3386607
318 318 18.488266
318 479 1.4142113
319 319 18.783556
319 969 1.3676665
319 2680 1.3150306
320 320 13.002602
320 3059 1.3504269
321 321 14.863757
321 862 1.3883499
321 1108 1.3804978
321 1371 1.3465902
321 1497 1.3223081
321 1891 1.3639781
321 2426 1.3139602
321 2849 1.3244045
321 2903 1.3257344
322 11 1.8447459
322 127 1.4814892
322 164 7.178211
322 322 13.229018
322 345 2.5413582
322 466 1.8447459
322 585 1.8447459
322 745 3.0784671
322 759 2.5210655
322 1114 1.6902139
322 1120 7.7316513
322 1190 1.8447459
322 1241 2.590655
322 1300 1.8447459
322 1431 1.4814892
322 1434 2.5260646
322 1558 1.8447459
322 1686 5.8222647
322 1844 1.8447459
322 1861 1.8447459
322 2118 4.503607
322 2132 1.6902139
322 2169 1.8447459
322 2185 1.4814892
322 2319 1.8447459
322 2489 2.7440765
322 2715 1.8447459
322 2895 1.8447459
322 2906 1.8447459
322 2939 1.8447459
322 2959 2.5132053
323 323 10.0
324 324 10.0
325 325 10.0
325 812 1.3179739
325 2584 1.4175196
326 326 17.281376
327 85 1.3973701
327 327 16.992607
327 1809 3.6236768
327 2433 1.308729
327 2597 2.8199003
327 2760 3.7813392
328 328 11.639848
329 329 12.71264
329 761 1.3427374
329 1455 6.07578
329 1961 1.3672459
330 330 12.863928
331 331 11.443928
331 2730 1.4617894
332 332 12.992904
332 549 1.4435008
332 675 1.3416646
332 1929 1.990027
333 333 12.651175
333 486 2.0477178
333 1539 1.340776
334 334 11.46969
335 230 3.8851926
335 335 10.0
335 1403 1.3495686
335 1685 2.5728405
335 2901 1.4685735
335 3041 2.2066221
336 336 13.557232
336 1853 1.4349133
336 2792 1.3006673
337 337 12.842794
338 338 11.814191
338 3007 2.836431
339 339 10.0
339 835 1.4351393
339 1193 2.7714355
339 2968 3.7390373
340 11 1.8447459
340 92 2.0591886
340 127 1.4814892
340 340 24.951511
340 345 2.5357766
340 367 2.8029747
340 461 1.4172916
340 466 2.8447459
340 585 2.5370848
340 720 4.1143074
340 759 1.8447459
340 878 2.0434883
340 886 1.3220003
340 1114 2.0
340 1165 3.035212
340 1190 1.8447459
340 1241 2.5126505
340 1300 1.8447459
340 1304 1.3198018
340 1431 1.4814892
340 1434 2.518268
340 1526 2.008584
340 1558 2.5077019
340 1584 1.3404665
340 1623 4.44714
340 1626 2.8095803
340 1844 1.8447459
340 1861 1.8447459
340 1874 3.5055838
340 1958 1.4162855
340 2084 2.059999
340 2169 1.8447459
340 2185 1.4814892
340 2223 5.540633
340 2319 1.8447459
340 2447 5.540633
340 2489 1.8447459
340 2591 1.3603565
340 2599 4.818745
340 2608 2.1052408
340 2715 1.8447459
340 2762 8.730717
340 2775 6.2474246
340 2895 1.8447459
340 2906 2.4955504
340 2939 1.8447459
340 2959 1.8447459
340 3082 3.0673714
340 3134 7.553684
341 341 13.440074
342 342 10.0
342 1474 2.029849
343 343 39.798546
343 2351 4.221815
343 2614 1.3465958
343 2814 6.4197083
343 2818 4.221815
344 344 10.0
344 1360 1.4149599
344 2620 1.3388476
345 11 7.689492
345 127 4.9671984
345 164 1.8447459
345 322 2.5413582
345 340 2.5357766
345 345 13.073991
345 466 7.689492
345 501 1.8447459
345 585 5.347108
345 745 1.8447459
345 759 4.3661447
345 1114 2.4963524
345 1120 2.5373964
345 1165 1.8447459
345 1190 4.5594583
345 1241 3.6894915
345 1300 3.6894915
345 1401 2.5379586
345 1431 4.319042
345 1434 9.347773
345 1558 3.6894915
345 1623 1.8447459
345 1706 1.8447459
345 1844 7.689492
345 1861 7.689492
345 1938 1.8447459
345 2118 1.8447456
345 2132 1.8447459
345 2169 3.6894915
345 2185 3.6114755
345 2198 1.8447459
345 2319 4.6894917
345 2489 4.3505344
345 2548 2.4963524
345 2615 1.8447459
345 2715 5.347108
345 2895 4.6894917
345 2906 4.3446927
345 2939 3.6894915
345 2959 7.3986607
345 2991 7.536996
345 3082 3.5038738
345 3118 1.8447459
346 346 11.52694
347 46 2.0065527
347 347 11.323819
348 348 11.450418
349 349 21.62197
350 47 1.463422
350 350 17.415766
350 1070 1.4145635
350 1378 4.865315
350 2205 1.4540676
350 2546 2.8526824
350 2981 2.1065736
350 2997 1.4202377
351 351 14.33621
352 352 11.319954
352 728 1.3227636
352 1795 1.397731
352 2020 1.3207526
352 2300 1.3781096
352 2862 1.3542577
353 353 9.999999
353 2557 1.3215375
354 354 11.408089
354 1607 4.3589077
354 1827 6.6947513
354 1849 1.3359232
354 2709 1.3910517
355 128 1.4330605
355 355 11.699818
355 509 4.3913517
355 690 1.420053
355 908 1.3323262
355 1265 1.4099051
355 1386 2.0562537
355 1509 1.5158277
355 1845 2.8785315
356 356 13.031741
357 238 2.6584194
357 357 14.850637
357 1083 1.3866298
357 1411 1.4892312
357 2701 2.2223837
358 358 11.420263
358 1661 1.3931311
358 2136 1.379511
359 7 1.4440956
359 156 1.349956
359 254 1.3894488
359 359 29.812992
359 773 1.336862
359 1021 2.148467
359 1081 1.4442266
359 1337 1.3791467
359 1413 6.6309533
359 1915 2.0755777
359 2098 3.788712
359 2186 2.7237923
359 2426 4.9619913
359 2600 2.0588617
359 2997 2.0585394
360 54 2.1385207
360 360 10.000001
360 461 1.4616827
360 1706 1.4352639
360 2317 2.1054296
360 2762 1.4921634
360 2939 1.3396137
360 2976 1.3445408
360 3118 2.1986833
361 361 10.0
362 362 13.594557
363 363 9.999999
364 364 11.531393
364 967 1.5536256
364 1658 1.4054918
365 365 11.346648
366 135 2.1040785
366 366 11.32787
367 92 1.4057348
367 340 2.8029747
367 367 12.675673
367 878 3.5253353
367 1304 2.0302944
367 1623 1.5693283
367 2223 3.5848603
367 2447 3.5848603
367 2599 2.0350351
367 2762 3.5122938
367 2775 3.4406853
367 2841 1.4017828
367 2939 1.39447
367 3082 1.6091511
367 3134 4.2561784
368 368 10.0
369 26 3.5699334
369 270 1.982851
369 369 15.13995
369 713 1.4684765
369 800 1.3912466
369 954 1.4263842
369 1254 1.3596892
369 1849 2.794992
369 2709 3.4121034
369 2843 2.2224479
369 3103 1.5296338
370 370 11.871713
371 371 11.351928
371 2828 1.3302691
372 372 10.0
373 373 10.000002
374 374 9.999999
374 2527 1.4045638
374 3078 1.3735441
375 375 13.518137
375 777 1.3664784
375 1845 1.4237285
375 3160 1.329227
376 376 14.241213
377 377 13.398913
377 539 2.781922
377 1854 1.399889
377 2612 1.3201151
378 121 2.1611118
378 378 14.029726
378 2595 5.708561
378 2738 5.6674223
379 379 11.55975
380 380 11.40566
380 1687 2.1101809
381 256 1.5677624
381 270 1.3256277
381 381 11.746817
381 648 2.6513934
381 1001 4.966393
381 1460 1.4334836
381 1730 1.449621
381 1858 1.3887112
381 1885 1.3091083
381 1976 1.5677624
381 2032 1.5677624
381 2074 1.5677624
381 2478 1.4385395
381 3024 1.3334385
382 382 17.6016
382 486 2.0057518
382 671 1.3238386
382 1747 5.384366
383 383 15.791547
384 45 1.3246946
384 96 1.3446575
384 290 1.3618091
384 384 14.808032
384 527 1.3413639
384 607 2.0419278
384 1034 2.7869606
384 1077 1.4508219
384 1106 1.338068
384 1812 2.057749
384 1849 2.0490088
384 2020 1.366927
384 2115 6.4331713
384 2170 2.6958287
384 2232 1.3379691
384 2503 1.3285191
384 2640 1.3257855
385 385 14.095582
385 834 5.9538145
385 1119 8.777237
385 1498 1.3296454
386 386 14.583393
387 387 21.33368
388 388 10.0
389 389 16.814278
390 33 6.455209
390 390 21.550129
390 594 5.2701077
391 391 11.592589
392 392 12.950956
393 71 1.5419989
393 393 13.150251
394 394 18.695835
395 124 1.3416922
395 395 11.508312
395 1326 1.3816714
395 2034 1.3759379
396 396 10.0
396 1021 1.4045713
396 1413 1.3994436
396 2426 1.4763622
397 397 11.347441
397 967 1.3198943
398 398 9.999999
398 633 1.3731886
398 2471 1.5103709
399 399 10.0
399 1601 1.572561
400 400 13.044157
401 401 11.653646
401 2035 1.3977048
401 2935 1.9910972
402 402 11.781057
402 2620 2.102953
403 403 15.740805
404 404 11.567644
404 1667 1.5090163
404 2314 1.3687377
404 2645 1.3313243
405 405 10.0
405 531 1.3886523
405 2539 1.3390583
406 42 1.4587877
406 48 1.5039353
406 406 11.326198
406 488 2.715913
406 515 3.1879852
406 1464 1.516137
406 1689 1.3637059
406 1829 1.5764797
406 1866 1.3637059
406 2587 1.5764797
406 3086 2.2896962
407 407 9.999999
408 408 11.646503
408 2687 1.4165602
409 409 11.778989
409 412 1.326925
409 1125 1.3157392
409 1836 1.4969187
410 58 2.7925453
410 147 11.310026
410 242 1.3497119
410 289 3.3571525
410 410 36.336166
410 962 5.2860193
410 1043 1.3564403
410 1211 4.390211
410 1357 2.6475606
410 1368 3.3835573
410 1419 2.6983066
410 1474 1.9854865
410 1566 2.0032256
410 2047 8.081821
410 2051 4.1962204
410 2159 8.491597
410 2356 1.3770226
410 2357 1.3246784
410 2361 3.3835573
410 2373 1.4022951
410 2390 8.5086155
410 2497 3.3835573
410 2506 3.3825521
410 2663 10.667141
410 2868 3.408455
410 2971 2.6983066
410 2982 2.042991
410 3044 4.390211
411 411 11.477706
411 2419 3.712017
412 409 1.326925
412 412 11.660125
412 613 1.3220563
412 752 1.3863378
412 807 2.0436497
412 1125 2.019
412 1198 1.3213471
412 2105 1.3446691
412 2429 1.4142531
412 2514 3.5237293
412 3063 1.3273304
413 413 50.409073
413 1159 1.9872553
413 1887 25.02772
414 414 9.999999
415 415 10.0
416 416 23.523218
417 417 10.0
417 1644 1.4062083
418 179 1.506993
418 418 14.933197
418 1133 1.3815053
418 2240 1.409694
418 2429 1.3496513
419 419 13.074356
420 420 14.437084
420 2236 2.113011
421 421 17.413559
422 422 9.999999
423 423 11.349809
423 985 1.3242557
424 424 9.999999
425 425 16.852665
425 520 2.131404
426 426 10.0
426 1359 1.5800347
427 427 11.32709
428 428 10.0
429 429 35.84779
429 1281 4.0772066
430 430 10.0
431 431 10.0
432 128 1.3649256
432 308 1.3847972
432 432 10.0
432 854 1.3891667
433 433 13.452781
433 2629 1.7149464
434 434 10.0
434 1383 1.364135
435 435 10.0
436 436 13.36053
436 631 2.986875
436 1418 5.690648
436 1903 5.690648
436 2045 5.690648
437 114 2.9851584
437 437 15.881316
437 487 2.730835
437 1360 1.3184159
437 2938 2.0773568
438 438 11.378806
438 1224 1.3362234
439 439 11.808422
440 440 10.0
440 1416 10.0
441 441 10.0
442 442 11.385717
443 443 14.600775
443 472 4.228799
443 475 2.80783
443 1378 1.4003081
443 1711 1.4019555
443 2052 1.4152969
443 2166 1.4577162
443 2945 1.469077
443 3083 1.3789737
444 444 11.427153
445 445 10.0
445 1595 1.3462746
446 174 4.9999995
446 446 9.999999
446 660 3.972853
446 2340 4.9999995
446 2364 7.3594046
446 2480 5.9999995
447 447 38.208054
447 474 4.4352565
448 448 14.133832
448 1524 1.981123
449 449 14.699795
449 1011 1.3385986
449 2643 1.3633051
450 450 11.324478
450 1295 1.353298
450 1806 1.4800346
451 451 16.32258
451 498 1.3693409
452 452 14.283027
453 453 9.999999
454 454 9.999999
454 1661 1.6995894
454 1762 1.3731606
454 2136 1.644253
454 2157 1.4221354
455 455 11.310533
456 456 10.0
457 457 10.000001
458 458 15.018415
459 17 2.0369964
459 459 13.043923
459 2338 1.3173833
459 2898 5.5829434
459 3089 3.3424628
460 168 1.3965936
460 251 3.5497108
460 460 13.165547
460 584 1.5139489
460 1001 9.823477
460 1084 4.100229
460 1953 1.5262511
460 2019 5.5388384
460 2216 3.3998933
460 2456 1.32106
460 2478 2.9217472
460 2827 1.5570034
460 2891 2.9178543
460 2960 1.4328307
460 3062 2.9614656
461 54 3.633891
461 340 1.4172916
461 360 1.4616827
461 461 14.353211
461 1558 2.2194917
461 1791 1.4773407
461 1874 7.9364204
461 2185 1.4857042
461 2317 1.4696984
461 2762 1.522497
461 2841 1.5103533
461 3082 1.4302698
462 462 11.334539
463 463 10.0
463 582 1.3727428
464 464 10.0
464 768 6.9717927
464 1041 1.365448
465 465 14.332749
466 11 8.449688
466 127 2.9350264
466 164 1.8447459
466 322 1.8447459
466 340 2.8447459
466 345 7.689492
466 466 11.689492
466 501 1.8447459
466 585 3.6894915
466 745 1.8447459
466 759 3.6894915
466 1114 2.8447459
466 1120 1.8447459
466 1165 1.8447459
466 1190 3.6894915
466 1241 3.6894915
466 1300 3.6894915
466 1401 1.8447459
466 1431 2.9350264
466 1434 7.689492
466 1558 3.6894915
466 1623 1.8447459
466 1706 1.8447459
466 1844 7.689492
466 1861 8.682413
466 1938 1.8447459
466 2118 1.8447456
466 2132 1.8447459
466 2169 3.6894915
466 2185 2.9350264
466 2198 1.8447459
466 2319 3.6894915
466 2489 3.6894915
466 2548 1.8447459
466 2615 1.8447459
466 2715 3.6894915
466 2895 3.6894915
466 2906 3.6894915
466 2939 3.6894915
466 2959 7.4346848
466 2991 5.8447466
466 3082 1.8447459
466 3118 1.8447459
467 467 11.471597
467 1629 1.3321695
468 468 17.098745
468 1268 9.894973
468 2043 2.0779881
469 469 13.008309
469 2580 3.4721346
470 470 11.838428
470 1372 1.3189267
471 471 11.689027
471 767 1.5091507
471 913 1.3829193
471 1046 1.3829687
471 1446 1.3524115
471 1589 2.1094418
472 443 4.228799
472 472 17.234694
472 475 1.9976994
472 1378 2.734348
472 1711 2.102196
472 2052 2.0491438
472 2071 1.3940451
472 2166 2.093634
472 3083 1.3184578
473 473 10.0
474 77 1.3506129
474 447 4.4352565
474 474 11.502741
474 936 5.2286997
474 1503 1.3803191
474 1735 1.3951554
474 2225 3.6633148
475 443 2.80783
475 472 1.9976994
475 475 11.680838
475 604 1.360563
475 804 1.325613
475 1378 1.3733302
475 1711 1.3543639
475 2166 1.3536263
476 476 13.469873
476 508 2.157768
476 2922 4.12648
477 249 1.5319725
477 477 9.999999
478 478 11.690458
479 202 1.3823384
479 318 1.4142113
479 479 10.0
480 480 20.73218
481 481 11.370206
481 895 2.0056548
481 936 1.3446496
481 1775 2.0959876
481 2100 1.6156113
481 2146 1.3177077
481 2594 1.413964
482 482 10.0
483 483 15.764689
483 2924 2.7391276
484 484 10.0
485 485 14.188013
485 1382 1.4246511
486 333 2.0477178
486 382 2.0057518
486 486 18.791561
486 671 4.2312336
486 1183 9.067562
486 1539 1.3250349
487 114 2.9704459
487 437 2.730835
487 487 13.56214
487 1360 1.5772009
487 2938 4.8170834
488 406 2.715913
488 488 14.338075
488 597 1.3778543
488 1137 1.3414845
488 1689 2.3647594
488 1829 1.3652263
488 1866 2.3647594
488 2587 1.3652263
488 3002 1.3873144
488 3086 1.3652263
489 489 11.397925
490 490 20.978539
491 491 11.415392
492 492 10.0
493 307 1.4874398
493 493 11.496415
493 752 1.3215578
493 807 1.372025
493 1726 2.1668
493 2374 1.6042268
493 2465 1.3975247
493 3140 1.351645
494 494 11.36801
495 495 13.27648
495 1209 1.3210602
495 2135 1.5238981
495 2304 2.1183107
496 496 14.399521
496 620 2.0149162
496 781 5.58304
496 1026 1.4306322
496 1127 1.3250847
496 1225 1.5878687
496 1294 5.4204507
496 1314 3.4162068
496 1422 1.3194306
496 1590 4.9476914
496 1635 1.4463627
496 1642 1.3382092
496 1718 3.4734182
496 1753 1.4654882
496 1933 2.0072052
496 1991 1.3666582
496 1992 1.3162405
496 2007 4.2749357
496 2014 2.7787619
496 2216 2.858872
496 2396 1.4476857
496 2481 1.333982
496 2554 1.3158636
496 2630 1.4936647
496 2641 4.3340364
496 2646 3.3502617
496 2946 1.391014
497 497 10.0
498 451 1.3693409
498 498 10.0
499 200 1.3870687
499 499 14.5766535
499 3102 2.0527682
500 500 11.792039
501 11 1.8447459
501 127 1.4814892
501 345 1.8447459
501 466 1.8447459
501 501 14.238846
501 585 1.8447459
501 759 1.8447459
501 1190 1.8447459
501 1241 1.8447459
501 1300 3.2034838
501 1431 1.4814892
501 1434 1.8447459
501 1526 1.3840787
501 1558 1.8447459
501 1623 1.6507597
501 1844 1.8447459
501 1861 1.8447459
501 2169 1.8447459
501 2185 1.4814892
501 2319 1.8447459
501 2489 1.8447459
501 2715 1.8447459
501 2895 2.5369654
501 2906 1.8447459
501 2939 3.2250724
501 2959 1.8447459
502 502 10.0
503 503 14.1931305
503 763 1.423651
504 504 10.0
504 1514 1.3650675
505 23 2.0998502
505 226 1.3691318
505 505 14.148676
505 1244 1.3943113
505 2836 2.8732543
506 203 1.4513578
506 506 11.322595
506 1628 1.3506444
506 2557 1.3339045
506 3003 2.044902
507 507 10.000001
508 78 1.3234427
508 476 2.157768
508 508 14.462671
508 1179 1.4170649
508 2508 2.1274517
508 2922 2.747664
509 250 2.0660937
509 355 4.3913517
509 509 15.868106
509 690 3.4605231
509 1345 1.4128706
509 1386 2.7256682
509 1808 1.3363461
509 1845 4.7637606
509 2167 3.5385368
509 2562 1.9907671
509 2581 1.34325
509 2857 1.399232
509 2996 1.3440812
510 510 14.797558
511 511 27.69637
512 512 15.014713
512 2460 2.8128014
513 513 10.000001
514 96 1.3888022
514 146 1.3186641
514 514 19.167213
514 1602 2.6825073
514 1604 2.0619538
514 1716 1.3168073
514 1812 2.6378684
514 1849 1.3646973
514 1904 1.3336797
514 2115 3.4307988
514 2170 3.3568518
514 2384 1.3726108
515 406 3.1879852
515 515 15.365906
515 2933 1.50984
515 3024 1.3986163
515 3025 3.221291
516 516 11.324025
517 517 10.0
518 261 1.350791
518 518 11.330397
519 519 13.597386
519 1380 1.4053907
519 2080 1.3968198
520 425 2.131404
520 520 11.399397
521 521 11.665934
521 2372 1.3329414
522 522 14.369463
523 523 9.999999
524 524 11.590532
525 71 2.1718426
525 307 4.6363683
525 525 11.382547
525 666 1.3397862
526 32 1.3640375
526 100 1.4163823
526 110 1.3435395
526 218 1.3635795
526 526 13.722096
526 656 1.3541695
526 683 1.3558465
526 995 2.7347243
526 1151 1.3213915
526 1459 1.4476953
526 1809 1.3546839
526 2628 1.3919182
526 2729 1.5177412
527 96 4.1315274
527 384 1.3413639
527 527 28.278418
527 647 1.3458158
527 809 1.3320575
527 1515 2.0377562
527 1849 2.8388436
527 1904 1.3390447
527 2115 6.2405005
527 2116 3.3294096
527 2441 1.5192142
527 2839 2.6839585
527 2862 11.239002
528 528 31.519192
528 2145 6.7561474
529 529 23.544523
529 605 2.0
529 902 3.952983
529 1055 2.0481052
529 1382 1.3821995
529 1987 1.3756557
529 2292 1.365351
529 2876 3.3926053
529 2887 1.3578913
530 530 13.085389
531 102 1.3932292
531 189 1.3440549
531 405 1.3886523
531 531 17.102531
531 630 2.2710173
531 924 4.433373
531 954 1.385639
531 1139 2.3504636
531 1734 2.1258914
531 1762 2.186756
531 1872 1.393393
531 1931 2.0154638
531 1973 2.0778136
531 2157 2.0538583
531 2248 7.0233
531 2300 1.4681947
531 2539 4.769251
531 2846 1.475599
532 532 20.388725
533 533 19.031998
