0 0 1.0
0 333 0.63045853
0 1183 0.6064529
1 1 1.0
2 2 1.0
2 1738 0.64660716
3 3 1.0
4 4 1.0
5 5 1.0
6 6 1.0
7 7 1.0
8 8 1.0
9 9 1.0
10 10 1.0
11 11 1.0
11 345 0.7778733
11 466 0.7376304
11 759 0.64718735
11 1114 0.61270946
11 1120 0.619937
11 1241 0.6043845
11 1434 0.69042224
11 1686 0.6921875
11 1844 0.60933554
11 1861 0.7638123
11 2118 0.72512245
11 2489 0.6227092
11 2959 0.8010826
11 2991 0.7105947
12 12 1.0
13 13 1.0
14 14 1.0
15 15 1.0
16 16 1.0
17 17 1.0
18 18 1.0
18 2661 0.64950514
19 19 1.0
19 1743 0.6259079
20 20 1.0
21 21 1.0
22 22 1.0
22 123 0.6079535
23 23 1.0
23 226 0.8283623
23 505 0.76238084
23 2836 0.8120331
24 24 1.0
25 25 1.0
26 26 1.0
26 800 0.71879196
26 2699 0.60624206
27 27 1.0
28 28 1.0
29 29 1.0
29 653 0.6126803
30 30 1.0
31 31 1.0
32 32 1.0
33 33 1.0
33 326 0.71108514
33 390 0.81051356
33 1890 0.65370214
34 34 1.0
35 35 1.0
36 36 1.0
37 37 1.0
37 1729 0.71258473
38 38 1.0
39 39 1.0
39 1186 0.61629605
39 1712 0.60558385
40 40 1.0
41 41 1.0
42 42 1.0
42 982 0.8598402
43 43 1.0
43 1748 0.6045709
44 44 1.0
45 45 1.0
46 46 1.0
46 347 0.7018
46 2103 0.66596913
47 47 1.0
48 48 1.0
49 49 1.0
50 50 1.0
50 751 0.62592787
51 51 1.0
52 52 1.0
53 53 1.0
54 54 1.0
54 721 0.66622865
55 55 1.0
56 56 1.0
57 57 1.0
58 58 1.0
58 1357 0.67602247
59 59 1.0
59 179 0.6967897
60 60 1.0
61 61 1.0
62 62 1.0
63 63 1.0
64 64 1.0
65 65 1.0
65 1526 0.65614545
66 66 1.0
67 67 1.0
67 2383 0.6172199
68 68 1.0
69 69 1.0
69 904 0.63992244
69 2295 0.6550141
69 2568 0.60782206
70 70 1.0
70 2595 0.6704393
71 71 1.0
71 1604 0.6375121
72 72 1.0
73 73 1.0
74 74 1.0
75 75 1.0
76 76 1.0
77 77 1.0
78 78 1.0
79 79 1.0
80 80 1.0
81 81 1.0
81 1035 0.74767673
81 2005 0.763736
82 82 1.0
83 83 1.0
84 84 1.0
84 257 0.61502874
84 593 0.64975846
84 869 0.6903904
84 1312 0.6162662
84 1748 0.6246867
84 1845 0.6825541
84 1901 0.6828121
84 2065 0.63386476
84 2167 0.6335404
84 2439 0.82114834
84 3158 0.6201492
85 85 1.0
86 86 1.0
86 1161 0.6469392
86 1470 0.61541414
86 2725 0.6047001
87 87 1.0
88 88 1.0
89 89 1.0
90 90 1.0
90 407 0.63831496
91 91 1.0
92 92 1.0
93 93 1.0
94 94 1.0
95 95 1.0
96 96 1.0
97 97 1.0
98 98 1.0
99 99 1.0
100 100 1.0
101 101 1.0
102 102 1.0
103 103 1.0
104 104 1.0
105 105 1.0
106 106 1.0
106 910 0.6659935
107 107 1.0
108 108 1.0
109 109 1.0
110 110 1.0
111 111 1.0
112 112 1.0
113 113 1.0
114 114 1.0
115 115 1.0
116 116 1.0
117 117 1.0
118 118 1.0
119 119 1.0
119 537 0.6200326
119 2217 0.6200326
119 2324 0.6875921
119 2424 0.6200326
119 2658 0.6200326
120 120 1.0
121 121 1.0
122 122 1.0
123 22 0.6079535
123 123 1.0
124 124 1.0
124 205 0.6109715
124 1039 0.62517554
125 125 1.0
126 126 1.0
126 263 0.6338686
126 2832 0.6022146
127 127 1.0
127 1431 0.6634958
127 1623 0.6241328
127 2976 0.6200552
127 3132 0.67494655
128 128 1.0
129 129 1.0
129 776 0.7011913
129 1163 0.6307703
130 130 1.0
130 2291 0.6913611
131 131 1.0
132 132 1.0
132 774 0.61016893
132 1055 0.69561565
132 1382 0.6057376
133 133 1.0
134 134 1.0
135 135 1.0
136 136 1.0
136 477 0.6503429
136 1389 0.67540336
136 1656 0.65416217
136 2238 0.6763351
136 2365 0.6590345
136 2779 0.6300239
137 137 1.0
138 138 1.0
138 2214 0.66001314
139 139 1.0
140 140 1.0
140 251 0.6138963
140 584 0.60879004
140 709 0.6055574
140 1084 0.62449074
141 141 1.0
142 142 1.0
143 143 1.0
144 144 1.0
145 145 1.0
146 146 1.0
146 1964 0.6307268
147 147 1.0
148 148 1.0
149 149 1.0
150 150 1.0
150 2196 0.64974374
150 2226 0.7428201
150 2531 0.67418635
150 2617 0.62048733
150 2849 0.6367997
150 2951 0.6758913
151 151 1.0
152 152 1.0
152 1149 0.6013688
153 153 1.0
154 154 1.0
155 155 1.0
156 156 1.0
157 157 1.0
158 158 1.0
158 1590 0.73597014
158 2481 0.63349646
159 159 1.0
160 160 1.0
160 205 0.65517026
160 869 0.6172137
160 1845 0.64459467
161 161 1.0
162 162 1.0
162 595 0.63010573
163 163 1.0
164 164 1.0
164 322 0.80757415
164 1120 0.753326
164 1686 0.6671924
164 1844 0.6501688
164 2959 0.6072203
165 165 1.0
165 583 0.62637615
166 166 1.0
167 167 1.0
168 168 1.0
169 169 1.0
169 335 0.7582848
169 1049 0.6210813
169 1685 0.60039496
169 1863 0.7910899
169 2583 0.6164889
170 170 1.0
171 171 1.0
171 206 0.6073391
171 1587 0.6264576
171 2154 0.6328054
171 2861 0.6006353
172 172 1.0
172 557 0.6411889
172 804 0.6609386
172 2147 0.6058114
172 2211 0.67742085
172 2883 0.6064621
173 173 1.0
174 174 1.0
174 660 0.909177
174 2480 0.6792463
175 175 1.0
176 176 1.0
177 177 1.0
177 3090 0.6540131
178 178 1.0
178 954 0.6408579
178 2002 0.61904347
179 59 0.6967897
179 179 1.0
179 3108 0.65088
180 180 1.0
181 181 1.0
182 182 1.0
183 183 1.0
184 184 1.0
185 185 1.0
186 186 1.0
187 187 1.0
188 188 1.0
189 189 1.0
189 781 0.67819804
190 190 1.0
191 191 1.0
192 192 1.0
192 958 0.6273678
193 193 1.0
194 194 1.0
195 195 1.0
196 196 1.0
197 197 1.0
198 198 1.0
199 199 1.0
200 200 1.0
200 1765 0.6026933
201 201 1.0
202 202 1.0
203 203 1.0
204 204 1.0
205 124 0.6109715
205 160 0.65517026
205 205 1.0
205 869 0.61870146
205 2167 0.6070373
205 2582 0.61094856
205 3027 0.6068172
206 171 0.6073391
206 206 1.0
206 276 0.6077943
207 207 1.0
207 673 0.8274152
208 208 1.0
209 209 1.0
210 210 1.0
211 211 1.0
212 212 1.0
213 213 1.0
214 214 1.0
214 2472 0.69141257
215 215 1.0
216 216 1.0
217 217 1.0
218 218 1.0
218 2462 0.62545216
219 219 1.0
219 973 0.61396813
220 220 1.0
221 221 1.0
222 222 1.0
222 2570 0.63179713
223 223 1.0
224 224 1.0
225 225 1.0
225 1066 0.6202237
225 1199 0.61749494
226 23 0.8283623
226 226 1.0
226 505 0.7347535
226 2836 0.80821556
227 227 1.0
228 228 1.0
229 229 1.0
229 1437 0.6656788
229 3162 0.8501694
230 230 1.0
230 718 0.665931
230 1403 0.65685505
231 231 1.0
232 232 1.0
233 233 1.0
233 1802 0.66065973
234 234 1.0
235 235 1.0
236 236 1.0
237 237 1.0
238 238 1.0
239 239 1.0
240 240 1.0
241 241 1.0
242 242 1.0
242 356 0.6474614
242 962 0.6677876
242 1848 0.6426652
242 2299 0.6091995
242 2373 0.7039915
242 2487 0.6066318
242 2589 0.6079899
242 2982 0.6664248
243 243 1.0
244 244 1.0
244 419 0.6222679
244 1477 0.64281213
244 1667 0.6651291
245 245 1.0
245 908 0.63729984
245 2491 0.70969737
245 2581 0.6308673
246 246 1.0
247 247 1.0
247 599 0.68288326
247 1009 0.6737842
247 2007 0.6007114
247 2633 0.6028051
248 248 1.0
248 2470 0.60700667
248 2829 0.6401444
249 249 1.0
249 2238 0.61921185
249 2622 0.6085554
250 250 1.0
251 140 0.6138963
251 251 1.0
252 252 1.0
252 2031 0.60112524
253 253 1.0
254 254 1.0
255 255 1.0
255 1317 0.633822
255 1794 0.6110719
256 256 1.0
257 84 0.61502874
257 257 1.0
257 1039 0.60354894
257 2674 0.6035984
257 3158 0.6132304
258 258 1.0
259 259 1.0
260 260 1.0
261 261 1.0
261 2504 0.6011092
262 262 1.0
263 126 0.6338686
263 263 1.0
264 264 1.0
265 265 1.0
266 266 1.0
267 267 1.0
268 268 1.0
268 1328 0.622205
269 269 1.0
270 270 1.0
271 271 1.0
272 272 1.0
273 273 1.0
274 274 1.0
275 275 1.0
275 2716 0.6279962
276 206 0.6077943
276 276 1.0
277 277 1.0
277 1115 0.63555914
278 278 1.0
278 1835 0.60631216
279 279 1.0
279 2404 0.7141628
279 2533 0.70206606
280 280 1.0
281 281 1.0
282 282 1.0
283 283 1.0
284 284 1.0
285 285 1.0
286 286 1.0
287 287 1.0
287 1675 0.6055445
288 288 1.0
288 2453 0.60158324
289 289 1.0
290 290 1.0
291 291 1.0
292 292 1.0
293 293 1.0
294 294 1.0
294 2083 0.6579248
294 3028 0.63471395
295 295 1.0
296 296 1.0
296 2618 0.7454021
297 297 1.0
298 298 1.0
299 299 1.0
300 300 1.0
301 301 1.0
301 897 0.60777986
302 302 1.0
303 303 1.0
304 304 1.0
305 305 1.0
306 306 1.0
307 307 1.0
308 308 1.0
308 2462 0.60443646
309 309 1.0
310 310 1.0
311 311 1.0
312 312 1.0
312 3096 0.6606863
313 313 1.0
314 314 1.0
315 315 1.0
316 316 1.0
317 317 1.0
318 318 1.0
319 319 1.0
319 359 0.645195
320 320 1.0
320 2525 0.6166434
321 321 1.0
322 164 0.80757415
322 322 1.0
322 1120 0.7060248
322 1686 0.64910114
322 2118 0.6259899
323 323 1.0
324 324 1.0
325 325 1.0
326 33 0.71108514
326 326 1.0
326 1890 0.643687
327 327 1.0
328 328 1.0
329 329 1.0
330 330 1.0
331 331 1.0
332 332 1.0
332 2281 0.68041855
333 0 0.63045853
333 333 1.0
334 334 1.0
335 169 0.7582848
335 335 1.0
335 587 0.62405187
335 1863 0.7729876
335 2583 0.6015011
336 336 1.0
337 337 1.0
338 338 1.0
339 339 1.0
339 1193 0.6113901
340 340 1.0
340 618 0.633528
341 341 1.0
342 342 1.0
343 343 1.0
343 2614 0.6115587
343 2814 0.64857745
344 344 1.0
344 668 0.63626015
344 757 0.6077622
344 2177 0.6419308
345 11 0.7778733
345 345 1.0
345 466 0.791025
345 759 0.6794978
345 873 0.6144411
345 1114 0.6063454
345 1120 0.6552536
345 1241 0.6547658
345 1434 0.8528065
345 1686 0.6345298
345 1861 0.7969807
345 2118 0.66606313
345 2319 0.6214557
345 2423 0.6627308
345 2489 0.6706091
345 2548 0.62178487
345 2959 0.80023277
345 2991 0.8386661
346 346 1.0
347 46 0.7018
347 347 1.0
347 718 0.6187323
347 798 0.62332386
347 2103 0.6718467
348 348 1.0
349 349 1.0
350 350 1.0
351 351 1.0
352 352 1.0
353 353 1.0
354 354 1.0
355 355 1.0
356 242 0.6474614
356 356 1.0
356 2299 0.6194397
356 2487 0.63442594
357 357 1.0
357 2383 0.6628875
358 358 1.0
359 319 0.645195
359 359 1.0
360 360 1.0
360 3118 0.6035166
361 361 1.0
362 362 1.0
363 363 1.0
364 364 1.0
365 365 1.0
366 366 1.0
367 367 1.0
367 2775 0.7366564
368 368 1.0
369 369 1.0
370 370 1.0
371 371 1.0
372 372 1.0
373 373 1.0
374 374 1.0
375 375 1.0
376 376 1.0
377 377 1.0
377 539 0.7077802
378 378 1.0
378 1269 0.6063999
379 379 1.0
379 2271 0.61008686
380 380 1.0
380 1687 0.6585691
381 381 1.0
382 382 1.0
383 383 1.0
384 384 1.0
385 385 1.0
386 386 1.0
387 387 1.0
388 388 1.0
388 3147 0.656636
389 389 1.0
390 33 0.81051356
390 390 1.0
391 391 1.0
391 1891 0.6131223
392 392 1.0
393 393 1.0
394 394 1.0
395 395 1.0
396 396 1.0
397 397 1.0
398 398 1.0
398 2471 0.74471503
399 399 1.0
400 400 1.0
401 401 1.0
402 402 1.0
403 403 1.0
404 404 1.0
404 1742 0.67531693
404 1921 0.6383726
405 405 1.0
405 620 0.6470472
406 406 1.0
406 515 0.6050594
407 90 0.63831496
407 407 1.0
407 629 0.61763436
407 2387 0.6023927
408 408 1.0
409 409 1.0
409 2295 0.61398995
410 410 1.0
410 1211 0.7098924
410 2047 0.62281424
410 3044 0.60408735
411 411 1.0
412 412 1.0
413 413 1.0
413 748 0.60027224
413 1887 0.6500799
414 414 1.0
414 1240 0.6859352
414 3120 0.6440456
415 415 1.0
416 416 1.0
417 417 1.0
418 418 1.0
418 1230 0.71690804
419 244 0.6222679
419 419 1.0
420 420 1.0
420 1096 0.6170927
421 421 1.0
422 422 1.0
423 423 1.0
424 424 1.0
425 425 1.0
425 2674 0.6032706
426 426 1.0
427 427 1.0
428 428 1.0
428 2822 0.72119725
429 429 1.0
430 430 1.0
431 431 1.0
432 432 1.0
433 433 1.0
433 1042 0.61297196
434 434 1.0
435 435 1.0
436 436 1.0
437 437 1.0
438 438 1.0
439 439 1.0
440 440 1.0
440 1416 0.9257039
440 1541 0.6239213
441 441 1.0
442 442 1.0
443 443 1.0
444 444 1.0
445 445 1.0
446 446 1.0
446 2364 0.76930696
447 447 1.0
448 448 1.0
449 449 1.0
450 450 1.0
451 451 1.0
452 452 1.0
453 453 1.0
454 454 1.0
455 455 1.0
456 456 1.0
457 457 1.0
458 458 1.0
459 459 1.0
459 2338 0.6431693
460 460 1.0
460 1084 0.6156667
461 461 1.0
461 564 0.615761
461 1560 0.65183115
461 1670 0.60762024
461 1938 0.7327792
461 2599 0.6451583
461 2762 0.60422873
461 2976 0.62376404
461 3132 0.62179345
462 462 1.0
463 463 1.0
464 464 1.0
465 465 1.0
466 11 0.7376304
466 345 0.791025
466 466 1.0
466 759 0.73640287
466 873 0.6080425
466 1114 0.6432811
466 1120 0.6347887
466 1241 0.6003769
466 1434 0.67378396
466 1686 0.62993175
466 1844 0.6373589
466 1861 0.7595748
466 2118 0.61042047
466 2489 0.66458356
466 2548 0.65823746
466 2959 0.74842525
466 2991 0.70711005
466 3101 0.6059133
467 467 1.0
468 468 1.0
469 469 1.0
470 470 1.0
470 586 0.740027
470 1600 0.6322669
471 471 1.0
472 472 1.0
473 473 1.0
474 474 1.0
474 2623 0.6280639
475 475 1.0
476 476 1.0
477 136 0.6503429
477 477 1.0
477 1389 0.6591005
477 2238 0.6731102
477 2779 0.6733287
478 478 1.0
478 1753 0.6057757
478 1933 0.64031065
479 479 1.0
480 480 1.0
481 481 1.0
482 482 1.0
483 483 1.0
484 484 1.0
485 485 1.0
486 486 1.0
487 487 1.0
488 488 1.0
489 489 1.0
490 490 1.0
491 491 1.0
492 492 1.0
493 493 1.0
494 494 1.0
495 495 1.0
496 496 1.0
497 497 1.0
498 498 1.0
499 499 1.0
500 500 1.0
501 501 1.0
501 1431 0.61343604
501 2169 0.61112833
502 502 1.0
503 503 1.0
504 504 1.0
505 23 0.76238084
505 226 0.7347535
505 505 1.0
505 2836 0.8713633
506 506 1.0
506 2716 0.60686755
506 2737 0.61313576
507 507 1.0
508 508 1.0
509 509 1.0
509 736 0.6594013
510 510 1.0
511 511 1.0
512 512 1.0
513 513 1.0
514 514 1.0
515 406 0.6050594
515 515 1.0
515 1798 0.61236215
515 1950 0.6172372
516 516 1.0
517 517 1.0
517 1936 0.6342933
517 3042 0.6061405
518 518 1.0
519 519 1.0
520 520 1.0
521 521 1.0
521 1601 0.8101601
522 522 1.0
523 523 1.0
524 524 1.0
525 525 1.0
526 526 1.0
527 527 1.0
528 528 1.0
529 529 1.0
530 530 1.0
531 531 1.0
531 630 0.6277482
532 532 1.0
533 533 1.0
534 534 1.0
534 542 0.6455666
535 535 1.0
536 536 1.0
537 119 0.6200326
537 537 1.0
537 1206 0.8722121
537 1396 0.8722121
537 1408 0.8722121
537 1453 0.8722121
537 1772 0.6214676
537 1981 0.8722121
537 2030 0.8722121
537 2217 1.0000001
537 2274 0.60636324
537 2324 0.71973264
537 2424 1.0000001
537 2616 0.8722121
537 2658 1.0000001
537 2678 0.65488434
537 2870 0.9128021
538 538 1.0
539 377 0.7077802
539 539 1.0
540 540 1.0
541 541 1.0
542 534 0.6455666
542 542 1.0
543 543 1.0
544 544 1.0
545 545 1.0
546 546 1.0
546 2422 0.9289063
547 547 1.0
548 548 1.0
549 549 1.0
549 1227 0.6519571
550 550 1.0
551 551 1.0
551 938 0.60103524
552 552 1.0
553 553 1.0
553 780 0.6171439
554 554 1.0
555 555 1.0
555 2342 0.6161522
555 3028 0.64119875
556 556 1.0
557 172 0.6411889
557 557 1.0
557 580 0.6681558
557 804 0.670023
557 1340 0.69254154
557 1515 0.6311171
557 1595 0.6285124
557 2147 0.6021365
557 2211 0.6792121
558 558 1.0
559 559 1.0
560 560 1.0
560 602 0.6506825
560 634 0.62408566
560 1343 0.6049268
560 1991 0.6200763
560 2007 0.62017256
560 2032 0.60156906
560 2327 0.6157074
560 2494 0.6008544
561 561 1.0
562 562 1.0
562 1270 0.6238237
562 2584 0.61926305
563 563 1.0
564 461 0.615761
564 564 1.0
564 1355 0.6050728
564 1560 0.62098
564 2762 0.606481
564 2976 0.60056436
564 3132 0.625582
565 565 1.0
566 566 1.0
567 567 1.0
568 568 1.0
569 569 1.0
570 570 1.0
571 571 1.0
571 1687 0.6227918
572 572 1.0
573 573 1.0
574 574 1.0
575 575 1.0
576 576 1.0
577 577 1.0
578 578 1.0
579 579 1.0
580 557 0.6681558
580 580 1.0
580 804 0.64666134
580 809 0.6227
580 1077 0.6755182
580 2384 0.6659197
580 2546 0.6296243
580 2862 0.6226245
580 2883 0.6686575
581 581 1.0
582 582 1.0
583 165 0.62637615
583 583 1.0
584 140 0.60879004
584 584 1.0
585 585 1.0
586 470 0.740027
586 586 1.0
587 335 0.62405187
587 587 1.0
588 588 1.0
589 589 1.0
590 590 1.0
591 591 1.0
592 592 1.0
593 84 0.64975846
593 593 1.0
593 869 0.64351803
593 1312 0.8318523
593 1524 0.600535
593 1845 0.656445
593 1901 0.61553824
593 2065 0.69925743
593 2439 0.62997985
593 2582 0.6017569
593 3158 0.6164486
594 594 1.0
595 162 0.63010573
595 595 1.0
596 596 1.0
597 597 1.0
598 598 1.0
598 617 0.66286093
599 247 0.68288326
599 599 1.0
599 2074 0.70601946
599 2286 0.67145604
599 2633 0.66230613
600 600 1.0
601 601 1.0
601 3132 0.6035484
602 560 0.6506825
602 602 1.0
603 603 1.0
603 2276 0.64241177
603 2683 0.6032436
604 604 1.0
604 2680 0.6574688
605 605 1.0
606 606 1.0
607 607 1.0
607 1090 0.6085341
608 608 1.0
609 609 1.0
610 610 1.0
611 611 1.0
612 612 1.0
613 613 1.0
613 2174 0.60825235
613 3044 0.601778
614 614 1.0
615 615 1.0
616 616 1.0
617 598 0.66286093
617 617 1.0
618 340 0.633528
618 618 1.0
619 619 1.0
620 405 0.6470472
620 620 1.0
621 621 1.0
622 622 1.0
623 623 1.0
624 624 1.0
625 625 1.0
626 626 1.0
627 627 1.0
627 818 0.6290996
627 836 0.64295465
627 1513 0.6488075
627 2290 0.7655303
627 2316 0.6323786
627 2530 0.76354265
628 628 1.0
629 407 0.61763436
629 629 1.0
630 531 0.6277482
630 630 1.0
631 631 1.0
632 632 1.0
632 3147 0.622005
633 633 1.0
634 560 0.62408566
634 634 1.0
634 2032 0.6233003
635 635 1.0
636 636 1.0
636 2398 0.6100668
637 637 1.0
638 638 1.0
639 639 1.0
640 640 1.0
640 3094 0.62991494
641 641 1.0
641 733 0.7019619
641 1021 0.61144155
642 642 1.0
643 643 1.0
644 644 1.0
645 645 1.0
646 646 1.0
646 1068 0.66490847
646 1251 0.7264357
647 647 1.0
647 2002 0.6636149
648 648 1.0
648 800 0.6201645
649 649 1.0
650 650 1.0
651 651 1.0
652 652 1.0
653 29 0.6126803
653 653 1.0
654 654 1.0
655 655 1.0
655 879 0.68436694
656 656 1.0
657 657 1.0
658 658 1.0
658 3015 0.656228
659 659 1.0
660 174 0.909177
660 660 1.0
660 2480 0.63744056
661 661 1.0
661 1374 0.6025363
662 662 1.0
663 663 1.0
664 664 1.0
665 665 1.0
666 666 1.0
666 1955 0.7440558
666 2179 0.7548049
667 667 1.0
668 344 0.63626015
668 668 1.0
668 2675 0.60005623
669 669 1.0
670 670 1.0
671 671 1.0
672 672 1.0
672 2171 0.825262
673 207 0.8274152
673 673 1.0
674 674 1.0
674 1515 0.6345222
675 675 1.0
675 2396 0.6496502
676 676 1.0
677 677 1.0
678 678 1.0
679 679 1.0
679 1139 0.6074906
679 1671 0.61062694
680 680 1.0
681 681 1.0
681 2504 0.6149014
682 682 1.0
683 683 1.0
684 684 1.0
684 718 0.6163719
684 1403 0.6244885
684 2474 0.6076811
685 685 1.0
686 686 1.0
687 687 1.0
688 688 1.0
689 689 1.0
690 690 1.0
690 908 0.6065568
690 1579 0.60355127
691 691 1.0
692 692 1.0
693 693 1.0
694 694 1.0
695 695 1.0
696 696 1.0
697 697 1.0
698 698 1.0
699 699 1.0
700 700 1.0
701 701 1.0
702 702 1.0
703 703 1.0
704 704 1.0
705 705 1.0
706 706 1.0
706 1528 0.68770766
707 707 1.0
708 708 1.0
708 2508 0.72173446
709 140 0.6055574
709 709 1.0
709 2960 0.6012002
709 3062 0.6398684
710 710 1.0
711 711 1.0
712 712 1.0
713 713 1.0
713 1460 0.6383873
713 1478 0.6703229
714 714 1.0
715 715 1.0
716 716 1.0
717 717 1.0
718 230 0.665931
718 347 0.6187323
718 684 0.6163719
718 718 1.0
718 1403 0.90888965
718 1863 0.61777425
719 719 1.0
720 720 1.0
721 54 0.66622865
721 721 1.0
721 1304 0.72504824
722 722 1.0
723 723 1.0
724 724 1.0
725 725 1.0
726 726 1.0
727 727 1.0
727 889 0.6498392
727 1701 0.61116415
727 1871 0.62777734
727 2748 0.71168697
728 728 1.0
728 1106 0.6149689
728 2809 0.6234103
728 2862 0.6019052
729 729 1.0
729 795 0.64277416
729 2687 0.6112416
730 730 1.0
731 731 1.0
732 732 1.0
733 641 0.7019619
733 733 1.0
733 2035 0.63010573
734 734 1.0
735 735 1.0
736 509 0.6594013
736 736 1.0
737 737 1.0
738 738 1.0
739 739 1.0
740 740 1.0
741 741 1.0
741 2966 0.634583
742 742 1.0
742 1267 0.62729853
742 2404 0.6793851
743 743 1.0
744 744 1.0
745 745 1.0
745 1241 0.6850979
745 2118 0.61367655
745 2489 0.6310505
745 3101 0.6087169
746 746 1.0
747 747 1.0
748 413 0.60027224
748 748 1.0
749 749 1.0
749 1695 0.613973
750 750 1.0
751 50 0.62592787
751 751 1.0
752 752 1.0
753 753 1.0
754 754 1.0
755 755 1.0
756 756 1.0
757 344 0.6077622
757 757 1.0
758 758 1.0
759 11 0.64718735
759 345 0.6794978
759 466 0.73640287
759 759 1.0
759 1114 0.64381665
759 1120 0.6316848
759 1861 0.68637973
759 2118 0.63285905
759 2319 0.60112673
759 2406 0.6638706
759 2489 0.7846695
759 2548 0.6772671
759 2959 0.6181137
759 2991 0.6076685
759 3101 0.63140494
760 760 1.0
761 761 1.0
762 762 1.0
763 763 1.0
764 764 1.0
765 765 1.0
766 766 1.0
767 767 1.0
767 2338 0.6366773
768 768 1.0
769 769 1.0
770 770 1.0
771 771 1.0
772 772 1.0
773 773 1.0
774 132 0.61016893
774 774 1.0
774 1055 0.68038744
774 1382 0.87326455
775 775 1.0
775 3158 0.6226589
776 129 0.7011913
776 776 1.0
776 1163 0.6351558
777 777 1.0
777 1862 0.6520596
777 2661 0.64979094
778 778 1.0
779 779 1.0
780 553 0.6171439
780 780 1.0
781 189 0.67819804
781 781 1.0
782 782 1.0
783 783 1.0
784 784 1.0
785 785 1.0
786 786 1.0
786 2270 0.6043521
787 787 1.0
787 2920 0.69323176
788 788 1.0
789 789 1.0
790 790 1.0
791 791 1.0
791 1450 0.94470054
792 792 1.0
793 793 1.0
794 794 1.0
794 2490 0.60200715
795 729 0.64277416
795 795 1.0
796 796 1.0
797 797 1.0
798 347 0.62332386
798 798 1.0
799 799 1.0
800 26 0.71879196
800 648 0.6201645
800 800 1.0
800 2709 0.6218524
801 801 1.0
802 802 1.0
803 803 1.0
804 172 0.6609386
804 557 0.670023
804 580 0.64666134
804 804 1.0
804 1106 0.60615915
804 1202 0.6294645
804 1340 0.60702467
804 1515 0.6510896
804 1540 0.60632
804 2503 0.62874174
804 2809 0.62674934
804 2862 0.62799835
804 2883 0.70166445
805 805 1.0
806 806 1.0
807 807 1.0
807 2105 0.62164223
808 808 1.0
809 580 0.6227
809 809 1.0
809 2862 0.64332676
810 810 1.0
811 811 1.0
812 812 1.0
812 1469 0.6334189
813 813 1.0
814 814 1.0
815 815 1.0
816 816 1.0
817 817 1.0
818 627 0.6290996
818 818 1.0
818 2290 0.6081461
818 2316 0.62622905
819 819 1.0
820 820 1.0
821 821 1.0
822 822 1.0
822 2988 0.6497113
822 3001 0.68245643
823 823 1.0
824 824 1.0
825 825 1.0
826 826 1.0
826 2834 0.6234589
827 827 1.0
827 2703 0.62236875
828 828 1.0
829 829 1.0
830 830 1.0
830 1667 0.6926342
830 1829 0.62822586
831 831 1.0
832 832 1.0
833 833 1.0
833 1973 0.6160236
834 834 1.0
835 835 1.0
836 627 0.64295465
836 836 1.0
836 2530 0.6288179
837 837 1.0
838 838 1.0
838 1046 0.60683537
838 1613 0.6119122
839 839 1.0
840 840 1.0
841 841 1.0
842 842 1.0
843 843 1.0
844 844 1.0
845 845 1.0
846 846 1.0
846 1084 0.6119027
847 847 1.0
848 848 1.0
849 849 1.0
850 850 1.0
851 851 1.0
852 852 1.0
853 853 1.0
854 854 1.0
854 908 0.6255689
854 1446 0.607035
855 855 1.0
856 856 1.0
857 857 1.0
858 858 1.0
859 859 1.0
860 860 1.0
861 861 1.0
862 862 1.0
863 863 1.0
863 2197 0.6994895
864 864 1.0
865 865 1.0
866 866 1.0
867 867 1.0
868 868 1.0
869 84 0.6903904
869 160 0.6172137
869 205 0.61870146
869 593 0.64351803
869 869 1.0
869 1039 0.6061687
869 1312 0.63993186
869 1845 0.745338
869 1901 0.60747486
869 2065 0.6263135
869 2167 0.6551037
869 2439 0.6430981
869 2582 0.6318231
869 3027 0.6332043
869 3158 0.6395802
870 870 1.0
871 871 1.0
872 872 1.0
873 345 0.6144411
873 466 0.6080425
873 873 1.0
873 1434 0.6162467
873 2423 0.9173893
873 2959 0.6712005
874 874 1.0
874 2110 0.80929875
875 875 1.0
875 1058 0.6276128
875 2729 0.6573763
875 2920 0.65681916
875 2996 0.6106298
875 3077 0.64882165
876 876 1.0
877 877 1.0
877 2194 0.61665034
878 878 1.0
879 655 0.68436694
879 879 1.0
880 880 1.0
881 881 1.0
882 882 1.0
883 883 1.0
884 884 1.0
885 885 1.0
886 886 1.0
887 887 1.0
888 888 1.0
889 727 0.6498392
889 889 1.0
889 1701 0.63002086
889 1871 0.6996916
889 2748 0.6841104
890 890 1.0
890 1729 0.7090242
891 891 1.0
892 892 1.0
893 893 1.0
894 894 1.0
895 895 1.0
896 896 1.0
897 301 0.60777986
897 897 1.0
898 898 1.0
898 2402 0.63642657
899 899 1.0
900 900 1.0
901 901 1.0
902 902 1.0
903 903 1.0
904 69 0.63992244
904 904 1.0
905 905 1.0
906 906 1.0
907 907 1.0
908 245 0.63729984
908 690 0.6065568
908 854 0.6255689
908 908 1.0
908 3158 0.6058578
909 909 1.0
910 106 0.6659935
910 910 1.0
911 911 1.0
911 2503 0.61981106
911 2531 0.6119258
912 912 1.0
913 913 1.0
913 2284 0.6168459
914 914 1.0
914 2091 0.6324096
915 915 1.0
916 916 1.0
917 917 1.0
918 918 1.0
919 919 1.0
920 920 1.0
921 921 1.0
921 1959 0.6796878
922 922 1.0
923 923 1.0
924 924 1.0
924 2985 0.6246734
925 925 1.0
926 926 1.0
926 2522 0.9134966
927 927 1.0
928 928 1.0
928 3156 0.6465159
929 929 1.0
930 930 1.0
930 2867 0.7981932
930 3023 0.7440131
931 931 1.0
932 932 1.0
933 933 1.0
934 934 1.0
935 935 1.0
936 936 1.0
937 937 1.0
937 3121 0.62528086
938 551 0.60103524
938 938 1.0
939 939 1.0
940 940 1.0
941 941 1.0
942 942 1.0
942 1053 0.7629057
942 1978 0.60868657
942 2484 0.6373055
942 3050 0.6065785
943 943 1.0
944 944 1.0
945 945 1.0
946 946 1.0
947 947 1.0
948 948 1.0
949 949 1.0
950 950 1.0
951 951 1.0
952 952 1.0
953 953 1.0
954 178 0.6408579
954 954 1.0
955 955 1.0
956 956 1.0
957 957 1.0
958 192 0.6273678
958 958 1.0
959 959 1.0
959 3061 0.62928474
960 960 1.0
961 961 1.0
962 242 0.6677876
962 962 1.0
962 1848 0.60710084
962 2487 0.61968404
963 963 1.0
964 964 1.0
965 965 1.0
965 2207 0.6551154
966 966 1.0
966 2919 0.8951205
967 967 1.0
968 968 1.0
968 1501 0.85387266
969 969 1.0
970 970 1.0
971 971 1.0
972 972 1.0
973 219 0.61396813
973 973 1.0
974 974 1.0
975 975 1.0
975 1863 0.60303605
975 2474 0.6059479
976 976 1.0
977 977 1.0
978 978 1.0
979 979 1.0
979 1506 0.65021306
980 980 1.0
981 981 1.0
982 42 0.8598402
982 982 1.0
983 983 1.0
984 984 1.0
985 985 1.0
985 2306 0.6296029
986 986 1.0
986 1599 0.61853343
987 987 1.0
988 988 1.0
989 989 1.0
989 3094 0.69595677
990 990 1.0
991 991 1.0
992 992 1.0
992 2635 0.63871634
993 993 1.0
994 994 1.0
994 1128 0.60183114
995 995 1.0
996 996 1.0
997 997 1.0
998 998 1.0
999 999 1.0
1000 1000 1.0
1001 1001 1.0
1002 1002 1.0
1003 1003 1.0
1004 1004 1.0
1005 1005 1.0
1005 1095 0.6248889
1006 1006 1.0
1007 1007 1.0
1008 1008 1.0
1008 1969 0.6001875
1009 247 0.6737842
1009 1009 1.0
1009 2007 0.74351454
1010 1010 1.0
1011 1011 1.0
1012 1012 1.0
1013 1013 1.0
1014 1014 1.0
1015 1015 1.0
1016 1016 1.0
1017 1017 1.0
1018 1018 1.0
1019 1019 1.0
1020 1020 1.0
1021 641 0.61144155
1021 1021 1.0
1022 1022 1.0
1023 1023 1.0
1024 1024 1.0
1024 1179 0.71416426
1025 1025 1.0
1026 1026 1.0
1027 1027 1.0
1028 1028 1.0
1029 1029 1.0
1029 1224 0.6188012
1030 1030 1.0
1031 1031 1.0
1032 1032 1.0
1032 2858 0.6067288
1033 1033 1.0
1034 1034 1.0
1035 81 0.74767673
1035 1035 1.0
1035 1955 0.6137402
1035 2005 0.8456802
1036 1036 1.0
1036 2704 0.6102206
1036 2996 0.61724466
1037 1037 1.0
1038 1038 1.0
1039 124 0.62517554
1039 257 0.60354894
1039 869 0.6061687
1039 1039 1.0
1039 1387 0.6011176
1040 1040 1.0
1041 1041 1.0
1042 433 0.61297196
1042 1042 1.0
1043 1043 1.0
1044 1044 1.0
1045 1045 1.0
1046 838 0.60683537
1046 1046 1.0
1047 1047 1.0
1048 1048 1.0
1049 169 0.6210813
1049 1049 1.0
1050 1050 1.0
1051 1051 1.0
1052 1052 1.0
1053 942 0.7629057
1053 1053 1.0
1053 1978 0.61572754
1053 2484 0.636739
1053 3050 0.6278673
1054 1054 1.0
1055 132 0.69561565
1055 774 0.68038744
1055 1055 1.0
1055 1382 0.6669196
1055 1732 0.66162837
1056 1056 1.0
1057 1057 1.0
1058 875 0.6276128
1058 1058 1.0
1058 2575 0.7040394
1058 2729 0.69218445
1059 1059 1.0
1060 1060 1.0
1061 1061 1.0
1061 1788 0.6767735
1062 1062 1.0
1063 1063 1.0
1064 1064 1.0
1064 1585 0.70385164
1064 1673 0.6972839
1065 1065 1.0
1066 225 0.6202237
1066 1066 1.0
1066 1199 0.66221994
1067 1067 1.0
1068 646 0.66490847
1068 1068 1.0
1068 1251 0.6160469
1069 1069 1.0
1070 1070 1.0
1070 1964 0.63036364
1071 1071 1.0
1072 1072 1.0
1073 1073 1.0
1074 1074 1.0
1074 2037 0.7955705
1075 1075 1.0
1075 2260 0.6345243
1076 1076 1.0
1077 580 0.6755182
1077 1077 1.0
1077 2546 0.6339196
1078 1078 1.0
1079 1079 1.0
1080 1080 1.0
1081 1081 1.0
1081 2617 0.60505354
1082 1082 1.0
1083 1083 1.0
1084 140 0.62449074
1084 460 0.6156667
1084 846 0.6119027
1084 1084 1.0
1084 2960 0.61486197
1085 1085 1.0
1086 1086 1.0
1086 1852 0.6346208
1086 2486 0.6500401
1087 1087 1.0
1088 1088 1.0
1089 1089 1.0
1090 607 0.6085341
1090 1090 1.0
1090 2719 0.65029037
1091 1091 1.0
1092 1092 1.0
1093 1093 1.0
1094 1094 1.0
1095 1005 0.6248889
1095 1095 1.0
1096 420 0.6170927
1096 1096 1.0
1097 1097 1.0
1098 1098 1.0
1099 1099 1.0
1100 1100 1.0
1101 1101 1.0
1102 1102 1.0
1103 1103 1.0
1104 1104 1.0
1105 1105 1.0
1105 1466 0.6394655
1106 728 0.6149689
1106 804 0.60615915
1106 1106 1.0
1106 2809 0.6470319
1107 1107 1.0
1108 1108 1.0
1109 1109 1.0
1110 1110 1.0
1110 1653 0.62504977
1111 1111 1.0
1112 1112 1.0
1113 1113 1.0
1114 11 0.61270946
1114 345 0.6063454
1114 466 0.6432811
1114 759 0.64381665
1114 1114 1.0
1114 1241 0.6148481
1114 2118 0.663008
1114 2548 0.88160414
1114 2959 0.60737276
1114 3101 0.6160891
1115 277 0.63555914
1115 1115 1.0
1116 1116 1.0
1117 1117 1.0
1118 1118 1.0
1119 1119 1.0
1119 1498 0.6770619
1119 2643 0.66618717
1120 11 0.619937
1120 164 0.753326
1120 322 0.7060248
1120 345 0.6552536
1120 466 0.6347887
1120 759 0.6316848
1120 1120 1.0
1120 1241 0.6128242
1120 1686 0.7039811
1120 1844 0.6135234
1120 2118 0.746642
1120 2319 0.6361189
1120 2548 0.6124997
1120 2959 0.6282399
1120 2991 0.6724928
1121 1121 1.0
1122 1122 1.0
1123 1123 1.0
1124 1124 1.0
1125 1125 1.0
1126 1126 1.0
1127 1127 1.0
1128 994 0.60183114
1128 1128 1.0
1129 1129 1.0
1130 1130 1.0
1130 3109 0.6341359
1131 1131 1.0
1132 1132 1.0
1133 1133 1.0
1134 1134 1.0
1135 1135 1.0
1136 1136 1.0
1137 1137 1.0
1138 1138 1.0
1139 679 0.6074906
1139 1139 1.0
1139 1252 0.60195434
1139 1973 0.6288781
1139 3090 0.64694935
1140 1140 1.0
1141 1141 1.0
1141 3072 0.70357466
1142 1142 1.0
1142 1488 0.6403465
1143 1143 1.0
1144 1144 1.0
1145 1145 1.0
1146 1146 1.0
1147 1147 1.0
1148 1148 1.0
1149 152 0.6013688
1149 1149 1.0
1149 2222 0.6402799
1149 3031 0.6843072
1150 1150 1.0
1151 1151 1.0
1152 1152 1.0
1153 1153 1.0
1154 1154 1.0
1155 1155 1.0
1156 1156 1.0
1157 1157 1.0
1158 1158 1.0
1159 1159 1.0
1160 1160 1.0
1161 86 0.6469392
1161 1161 1.0
1161 1993 0.61347234
1161 2005 0.61911327
1161 2067 0.72634363
1161 2453 0.6237968
1161 2725 0.6524287
1162 1162 1.0
1162 1233 0.6801589
1163 129 0.6307703
1163 776 0.6351558
1163 1163 1.0
1164 1164 1.0
1165 1165 1.0
1166 1166 1.0
1167 1167 1.0
1168 1168 1.0
1169 1169 1.0
1170 1170 1.0
1171 1171 1.0
1172 1172 1.0
1173 1173 1.0
1174 1174 1.0
1175 1175 1.0
1175 1655 0.6146859
1176 1176 1.0
1177 1177 1.0
1178 1178 1.0
1179 1024 0.71416426
1179 1179 1.0
1180 1180 1.0
1181 1181 1.0
1182 1182 1.0
1183 0 0.6064529
1183 1183 1.0
1184 1184 1.0
1185 1185 1.0
1186 39 0.61629605
1186 1186 1.0
1186 1225 0.7334552
1186 1294 0.63080084
1186 1712 0.73354906
1186 1753 0.6316281
1186 2646 0.6462606
1187 1187 1.0
1188 1188 1.0
1189 1189 1.0
1190 1190 1.0
1190 1526 0.61725116
1190 2198 0.64551413
1190 3118 0.7953426
1191 1191 1.0
1192 1192 1.0
1193 339 0.6113901
1193 1193 1.0
1194 1194 1.0
1195 1195 1.0
1196 1196 1.0
1197 1197 1.0
1198 1198 1.0
1199 225 0.61749494
1199 1066 0.66221994
1199 1199 1.0
1199 2606 0.6372131
1200 1200 1.0
1201 1201 1.0
1202 804 0.6294645
1202 1202 1.0
1203 1203 1.0
1204 1204 1.0
1205 1205 1.0
1206 537 0.8722121
1206 1206 1.0
1206 1396 0.99999976
1206 1408 0.99999976
1206 1453 0.99999976
1206 1789 0.67316306
1206 1981 0.99999976
1206 2030 0.99999976
1206 2217 0.8722121
1206 2324 0.61753225
1206 2424 0.8722121
1206 2616 0.99999976
1206 2658 0.8722121
1206 2678 0.64896774
1206 2870 0.8301392
1207 1207 1.0
1208 1208 1.0
1209 1209 1.0
1210 1210 1.0
1211 410 0.7098924
1211 1211 1.0
1211 1419 0.6107132
1211 2047 0.6174029
1211 2971 0.60555553
1211 3044 0.750483
1212 1212 1.0
1213 1213 1.0
1213 1257 0.6045887
1213 2823 0.76713777
1214 1214 1.0
1214 2230 0.7316507
1215 1215 1.0
1216 1216 1.0
1216 2400 0.61807567
1217 1217 1.0
1218 1218 1.0
1219 1219 1.0
1220 1220 1.0
1221 1221 1.0
1222 1222 1.0
1223 1223 1.0
1223 2170 0.6229793
1224 1029 0.6188012
1224 1224 1.0
1225 1186 0.7334552
1225 1225 1.0
1225 1294 0.78693175
1225 1712 0.6913624
1225 2698 0.6003396
1226 1226 1.0
1227 549 0.6519571
1227 1227 1.0
1228 1228 1.0
1228 1513 0.62404716
1229 1229 1.0
1230 418 0.71690804
1230 1230 1.0
1230 2048 0.6100173
1231 1231 1.0
1232 1232 1.0
1233 1162 0.6801589
1233 1233 1.0
1234 1234 1.0
1235 1235 1.0
1236 1236 1.0
1236 2137 0.6143225
1237 1237 1.0
1237 1274 0.6950712
1238 1238 1.0
1239 1239 1.0
1240 414 0.6859352
1240 1240 1.0
1240 3120 0.6327845
1241 11 0.6043845
1241 345 0.6547658
1241 466 0.6003769
1241 745 0.6850979
1241 1114 0.6148481
1241 1120 0.6128242
1241 1241 1.0
1241 1434 0.6739912
1241 2118 0.7392608
1241 2319 0.7307846
1241 2489 0.6600926
1241 2959 0.64873904
1241 3101 0.6332636
1242 1242 1.0
1243 1243 1.0
1243 1336 0.61785877
1243 1571 0.60356295
1244 1244 1.0
1245 1245 1.0
1246 1246 1.0
1247 1247 1.0
1248 1248 1.0
1249 1249 1.0
1250 1250 1.0
1251 646 0.7264357
1251 1068 0.6160469
1251 1251 1.0
1252 1139 0.60195434
1252 1252 1.0
1253 1253 1.0
1254 1254 1.0
1255 1255 1.0
1256 1256 1.0
1257 1213 0.6045887
1257 1257 1.0
1258 1258 1.0
1259 1259 1.0
1260 1260 1.0
1261 1261 1.0
1262 1262 1.0
1263 1263 1.0
1264 1264 1.0
1265 1265 1.0
1266 1266 1.0
1267 742 0.62729853
1267 1267 1.0
1268 1268 1.0
1269 378 0.6063999
1269 1269 1.0
1270 562 0.6238237
1270 1270 1.0
1271 1271 1.0
1272 1272 1.0
1272 1400 0.61084634
1272 2152 0.60951847
1273 1273 1.0
1273 2780 0.61422515
1274 1237 0.6950712
1274 1274 1.0
1275 1275 1.0
1276 1276 1.0
1277 1277 1.0
1278 1278 1.0
1278 2210 0.7308841
1279 1279 1.0
1280 1280 1.0
1281 1281 1.0
1282 1282 1.0
1283 1283 1.0
1283 1880 0.7148401
1284 1284 1.0
1285 1285 1.0
1286 1286 1.0
1287 1287 1.0
1288 1288 1.0
1289 1289 1.0
1289 2630 0.6998501
1290 1290 1.0
1290 2873 0.61520773
1291 1291 1.0
1292 1292 1.0
1292 1585 0.6162506
1293 1293 1.0
1294 1186 0.63080084
1294 1225 0.78693175
1294 1294 1.0
1295 1295 1.0
1296 1296 1.0
1297 1297 1.0
1298 1298 1.0
1299 1299 1.0
1300 1300 1.0
1301 1301 1.0
1301 2783 0.66043353
1302 1302 1.0
1303 1303 1.0
1304 721 0.72504824
1304 1304 1.0
1305 1305 1.0
1306 1306 1.0
1307 1307 1.0
1308 1308 1.0
1309 1309 1.0
1310 1310 1.0
1311 1311 1.0
1312 84 0.6162662
1312 593 0.8318523
1312 869 0.63993186
1312 1312 1.0
1312 1845 0.6231259
1312 2065 0.68188065
1312 3158 0.60073406
1313 1313 1.0
1314 1314 1.0
1315 1315 1.0
1316 1316 1.0
1317 255 0.633822
1317 1317 1.0
1318 1318 1.0
1318 1979 0.6825956
1319 1319 1.0
1320 1320 1.0
1321 1321 1.0
1321 1685 0.6074288
1322 1322 1.0
1323 1323 1.0
1324 1324 1.0
1325 1325 1.0
1326 1326 1.0
1327 1327 1.0
1328 268 0.622205
1328 1328 1.0
1328 2636 0.9015313
1328 3007 0.61718947
1329 1329 1.0
1330 1330 1.0
1330 1576 0.61240375
1331 1331 1.0
1332 1332 1.0
1333 1333 1.0
1334 1334 1.0
1335 1335 1.0
1336 1243 0.61785877
1336 1336 1.0
1337 1337 1.0
1338 1338 1.0
1339 1339 1.0
1340 557 0.69254154
1340 804 0.60702467
1340 1340 1.0
1340 1595 0.6101656
1341 1341 1.0
1342 1342 1.0
1343 560 0.6049268
1343 1343 1.0
1343 2032 0.60117686
1343 2327 0.60317886
1343 2539 0.6569675
1343 2810 0.6715503
1344 1344 1.0
1345 1345 1.0
1346 1346 1.0
1347 1347 1.0
1348 1348 1.0
1349 1349 1.0
1350 1350 1.0
1351 1351 1.0
1352 1352 1.0
1352 2023 0.7083036
1353 1353 1.0
1354 1354 1.0
1355 564 0.6050728
1355 1355 1.0
1355 2841 0.6128275
1356 1356 1.0
1356 2694 0.887387
1357 58 0.67602247
1357 1357 1.0
1358 1358 1.0
1358 2500 0.6005893
1359 1359 1.0
1360 1360 1.0
1361 1361 1.0
1362 1362 1.0
1363 1363 1.0
1364 1364 1.0
1365 1365 1.0
1366 1366 1.0
1367 1367 1.0
1368 1368 1.0
1368 1646 0.6023209
1368 2361 0.99439096
1368 2497 0.9999998
1369 1369 1.0
1370 1370 1.0
1371 1371 1.0
1372 1372 1.0
1373 1373 1.0
1374 661 0.6025363
1374 1374 1.0
1375 1375 1.0
1376 1376 1.0
1377 1377 1.0
1378 1378 1.0
1379 1379 1.0
1380 1380 1.0
1381 1381 1.0
1381 2610 0.62682027
1382 132 0.6057376
1382 774 0.87326455
1382 1055 0.6669196
1382 1382 1.0
1383 1383 1.0
1383 1426 0.6793005
1384 1384 1.0
1385 1385 1.0
1385 1511 0.605083
1386 1386 1.0
1387 1039 0.6011176
1387 1387 1.0
1387 2565 0.6040778
1388 1388 1.0
1388 2111 0.77469444
1388 2254 0.7576192
1389 136 0.67540336
1389 477 0.6591005
1389 1389 1.0
1389 1656 0.6340673
1389 2238 0.7174836
1389 2365 0.66561836
1389 2779 0.66378415
1390 1390 1.0
1391 1391 1.0
1391 2482 0.8448093
1392 1392 1.0
1393 1393 1.0
1394 1394 1.0
1395 1395 1.0
1396 537 0.8722121
1396 1206 0.99999976
1396 1396 1.0
1396 1408 0.99999976
1396 1453 0.99999976
1396 1789 0.67316306
1396 1981 0.99999976
1396 2030 0.99999976
1396 2217 0.8722121
1396 2324 0.61753225
1396 2424 0.8722121
1396 2616 0.99999976
1396 2658 0.8722121
1396 2678 0.64896774
1396 2870 0.8301392
1397 1397 1.0
1398 1398 1.0
1399 1399 1.0
1400 1272 0.61084634
1400 1400 1.0
1401 1401 1.0
1401 1558 0.618612
1402 1402 1.0
1403 230 0.65685505
1403 684 0.6244885
1403 718 0.90888965
1403 1403 1.0
1403 1863 0.6003423
1403 2103 0.62728393
1404 1404 1.0
1405 1405 1.0
1406 1406 1.0
1407 1407 1.0
1408 537 0.8722121
1408 1206 0.99999976
1408 1396 0.99999976
1408 1408 1.0
1408 1453 0.99999976
1408 1789 0.67316306
1408 1981 0.99999976
1408 2030 0.99999976
1408 2217 0.8722121
1408 2324 0.61753225
1408 2424 0.8722121
1408 2616 0.99999976
1408 2658 0.8722121
1408 2678 0.64896774
1408 2870 0.8301392
1409 1409 1.0
1410 1410 1.0
1411 1411 1.0
1412 1412 1.0
1413 1413 1.0
1414 1414 1.0
1415 1415 1.0
1416 440 0.9257039
1416 1416 1.0
1416 1541 0.6606853
1417 1417 1.0
1417 2654 0.60449034
1417 2729 0.60997576
1418 1418 1.0
1418 1903 0.8155898
1418 2045 0.64626336
1419 1211 0.6107132
1419 1419 1.0
1419 2047 0.6425602
1419 2589 0.6264216
1419 2971 0.64092046
1420 1420 1.0
1421 1421 1.0
1422 1422 1.0
1423 1423 1.0
1424 1424 1.0
1425 1425 1.0
1426 1383 0.6793005
1426 1426 1.0
1426 2573 0.60176945
1427 1427 1.0
1428 1428 1.0
1429 1429 1.0
1430 1430 1.0
1431 127 0.6634958
1431 501 0.61343604
1431 1431 1.0
1431 1560 0.6167697
1431 2185 0.63560706
1431 2976 0.6969975
1431 3118 0.60669976
1431 3132 0.7240777
1432 1432 1.0
1433 1433 1.0
1434 11 0.69042224
1434 345 0.8528065
1434 466 0.67378396
1434 873 0.6162467
1434 1241 0.6739912
1434 1434 1.0
1434 1861 0.6936276
1434 2118 0.6568931
1434 2319 0.62421733
1434 2423 0.6558429
1434 2959 0.8096903
1434 2991 0.7931076
1435 1435 1.0
1436 1436 1.0
1437 229 0.6656788
1437 1437 1.0
1438 1438 1.0
1439 1439 1.0
1440 1440 1.0
1441 1441 1.0
1442 1442 1.0
1443 1443 1.0
1444 1444 1.0
1445 1445 1.0
1446 854 0.607035
1446 1446 1.0
1446 1650 0.65689015
1447 1447 1.0
1448 1448 1.0
1449 1449 1.0
1450 791 0.94470054
1450 1450 1.0
1451 1451 1.0
1452 1452 1.0
1452 1558 0.6204936
1453 537 0.8722121
1453 1206 0.99999976
1453 1396 0.99999976
1453 1408 0.99999976
1453 1453 1.0
1453 1789 0.67316306
1453 1981 0.99999976
1453 2030 0.99999976
1453 2217 0.8722121
1453 2324 0.61753225
1453 2424 0.8722121
1453 2616 0.99999976
1453 2658 0.8722121
1453 2678 0.64896774
1453 2870 0.8301392
1454 1454 1.0
1455 1455 1.0
1456 1456 1.0
1457 1457 1.0
1458 1458 1.0
1459 1459 1.0
1460 713 0.6383873
1460 1460 1.0
1461 1461 1.0
1462 1462 1.0
1463 1463 1.0
1463 1766 0.6268382
1464 1464 1.0
1465 1465 1.0
1465 2390 0.601
1465 2845 0.65565526
1466 1105 0.6394655
1466 1466 1.0
1467 1467 1.0
1468 1468 1.0
1469 812 0.6334189
1469 1469 1.0
1470 86 0.61541414
1470 1470 1.0
1470 2761 0.6088062
1471 1471 1.0
1472 1472 1.0
1473 1473 1.0
1474 1474 1.0
1475 1475 1.0
1476 1476 1.0
1477 244 0.64281213
1477 1477 1.0
1478 713 0.6703229
1478 1478 1.0
1478 1849 0.61455077
1478 2792 0.62097687
1479 1479 1.0
1480 1480 1.0
1481 1481 1.0
1482 1482 1.0
1483 1483 1.0
1484 1484 1.0
1485 1485 1.0
1486 1486 1.0
1486 1663 0.7393753
1487 1487 1.0
1487 1961 0.6209164
1487 2462 0.6588058
1487 2628 0.61487216
1488 1142 0.6403465
1488 1488 1.0
1489 1489 1.0
1490 1490 1.0
1491 1491 1.0
1492 1492 1.0
1493 1493 1.0
1494 1494 1.0
1495 1495 1.0
1495 1701 0.60788023
1496 1496 1.0
1497 1497 1.0
1498 1119 0.6770619
1498 1498 1.0
1498 2643 0.60781395
1499 1499 1.0
1500 1500 1.0
1501 968 0.85387266
1501 1501 1.0
1502 1502 1.0
1503 1503 1.0
1503 1715 0.9367619
1504 1504 1.0
1505 1505 1.0
1506 979 0.65021306
1506 1506 1.0
1506 1800 0.6390278
1507 1507 1.0
1508 1508 1.0
1509 1509 1.0
1510 1510 1.0
1511 1385 0.605083
1511 1511 1.0
1511 2193 0.6159995
1511 2649 0.6089126
1511 2747 0.6507836
1512 1512 1.0
1513 627 0.6488075
1513 1228 0.62404716
1513 1513 1.0
1513 2290 0.6094612
1513 2530 0.6318643
1514 1514 1.0
1515 557 0.6311171
1515 674 0.6345222
1515 804 0.6510896
1515 1515 1.0
1515 1550 0.6225943
1516 1516 1.0
1517 1517 1.0
1518 1518 1.0
1519 1519 1.0
1520 1520 1.0
1521 1521 1.0
1522 1522 1.0
1523 1523 1.0
1524 593 0.600535
1524 1524 1.0
1524 2857 0.60561436
1525 1525 1.0
1526 65 0.65614545
1526 1190 0.61725116
1526 1526 1.0
1526 3118 0.6651411
1527 1527 1.0
1528 706 0.68770766
1528 1528 1.0
1529 1529 1.0
1530 1530 1.0
1531 1531 1.0
1532 1532 1.0
1533 1533 1.0
1534 1534 1.0
1535 1535 1.0
1535 2805 0.67150813
1536 1536 1.0
1537 1537 1.0
1538 1538 1.0
1539 1539 1.0
1540 804 0.60632
1540 1540 1.0
1540 1550 0.60636324
1541 440 0.6239213
1541 1416 0.6606853
1541 1541 1.0
1542 1542 1.0
1543 1543 1.0
1544 1544 1.0
1545 1545 1.0
1546 1546 1.0
1546 3020 0.6151047
1547 1547 1.0
1548 1548 1.0
1549 1549 1.0
1550 1515 0.6225943
1550 1540 0.60636324
1550 1550 1.0
1550 2503 0.64944124
1550 2809 0.60856485
1551 1551 1.0
1552 1552 1.0
1552 1562 0.6181696
1553 1553 1.0
1554 1554 1.0
1555 1555 1.0
1556 1556 1.0
1557 1557 1.0
1558 1401 0.618612
1558 1452 0.6204936
1558 1558 1.0
1559 1559 1.0
1559 1666 0.64204925
1560 461 0.65183115
1560 564 0.62098
1560 1431 0.6167697
1560 1560 1.0
1560 1938 0.7257233
1560 2762 0.60418946
1560 2976 0.70429415
1560 3132 0.6419789
1561 1561 1.0
1561 2887 0.6242657
1561 2978 0.85721743
1562 1552 0.6181696
1562 1562 1.0
1563 1563 1.0
1564 1564 1.0
1565 1565 1.0
1566 1566 1.0
1566 1913 0.61045945
1566 2511 0.678237
1567 1567 1.0
1568 1568 1.0
1569 1569 1.0
1570 1570 1.0
