0 0 1.0
0 104 0.56205034
0 333 0.63045853
0 1183 0.6064529
0 1276 0.5743169
1 1 1.0
2 2 1.0
2 1738 0.64660716
3 3 1.0
4 4 1.0
5 5 1.0
6 6 1.0
6 1937 0.5693149
6 2408 0.5944864
6 3095 0.5516372
7 7 1.0
8 8 1.0
8 200 0.56789243
9 9 1.0
10 10 1.0
11 11 1.0
11 345 0.7778733
11 466 0.7376304
11 745 0.58478427
11 759 0.64718735
11 1114 0.61270946
11 1120 0.619937
11 1241 0.6043845
11 1434 0.69042224
11 1686 0.6921875
11 1844 0.60933554
11 1861 0.7638123
11 2118 0.72512245
11 2319 0.56190777
11 2489 0.6227092
11 2548 0.5506171
11 2959 0.8010826
11 2991 0.7105947
12 12 1.0
13 13 1.0
13 319 0.56396616
13 359 0.5781108
13 641 0.5940776
13 733 0.57788104
13 1081 0.5723542
13 2617 0.5618833
13 2948 0.595483
13 2951 0.5781393
14 14 1.0
14 1640 0.57221293
14 2013 0.5521009
15 15 1.0
16 16 1.0
17 17 1.0
17 1116 0.58267707
17 1262 0.5540657
18 18 1.0
18 1862 0.55596715
18 2661 0.64950514
19 19 1.0
19 974 0.5760065
19 1743 0.6259079
19 2551 0.5853031
20 20 1.0
21 21 1.0
22 22 1.0
22 123 0.6079535
22 152 0.5627323
22 2718 0.5965373
22 3109 0.59328157
23 23 1.0
23 226 0.8283623
23 505 0.76238084
23 2836 0.8120331
24 24 1.0
25 25 1.0
26 26 1.0
26 369 0.55068666
26 800 0.71879196
26 2699 0.60624206
27 27 1.0
28 28 1.0
29 29 1.0
29 653 0.6126803
30 30 1.0
30 38 0.5756166
30 1526 0.55650157
31 31 1.0
31 1575 0.5583301
32 32 1.0
33 33 1.0
33 326 0.71108514
33 390 0.81051356
33 1890 0.65370214
34 34 1.0
35 35 1.0
36 36 1.0
36 214 0.56994027
36 2751 0.59265417
37 37 1.0
37 1562 0.5611859
37 1729 0.71258473
38 30 0.5756166
38 38 1.0
39 39 1.0
39 1186 0.61629605
39 1225 0.5718677
39 1712 0.60558385
39 1753 0.5532291
39 1931 0.59092945
39 2014 0.5820139
39 2646 0.55215454
40 40 1.0
41 41 1.0
41 1865 0.55221415
41 2048 0.5516681
41 2687 0.5739159
42 42 1.0
42 244 0.5722354
42 419 0.5823298
42 686 0.5673168
42 982 0.8598402
43 43 1.0
43 1008 0.5522034
43 1748 0.6045709
44 44 1.0
44 647 0.5512704
44 1009 0.5609178
44 2630 0.58953536
44 2946 0.59216076
45 45 1.0
45 2170 0.58706445
45 2555 0.5759089
45 2795 0.5528302
46 46 1.0
46 347 0.7018
46 655 0.55089563
46 798 0.59103435
46 2103 0.66596913
47 47 1.0
48 48 1.0
48 982 0.56276643
49 49 1.0
50 50 1.0
50 751 0.62592787
51 51 1.0
52 52 1.0
53 53 1.0
54 54 1.0
54 65 0.5531967
54 367 0.554187
54 461 0.5620665
54 721 0.66622865
54 872 0.5764518
54 1304 0.55526066
54 1526 0.5982073
54 2920 0.55262506
55 55 1.0
56 56 1.0
57 57 1.0
58 58 1.0
58 1357 0.67602247
58 1419 0.5779052
58 2047 0.58089584
58 2390 0.55643636
59 59 1.0
59 179 0.6967897
59 3108 0.5945887
60 60 1.0
61 61 1.0
62 62 1.0
63 63 1.0
63 1610 0.5593338
63 2115 0.55754757
64 64 1.0
64 993 0.58329755
65 54 0.5531967
65 65 1.0
65 720 0.58045405
65 1165 0.5830375
65 1526 0.65614545
65 1623 0.5831502
65 1958 0.5670848
66 66 1.0
66 1719 0.5798863
67 67 1.0
67 357 0.5980342
67 2383 0.6172199
68 68 1.0
69 69 1.0
69 294 0.55837023
69 768 0.550642
69 797 0.56475216
69 904 0.63992244
69 1189 0.56323117
69 2295 0.6550141
69 2342 0.55284625
69 2568 0.60782206
69 2835 0.5505544
69 3112 0.59179807
70 70 1.0
70 2595 0.6704393
70 2738 0.5622139
70 3071 0.55916125
71 71 1.0
71 1604 0.6375121
72 72 1.0
72 883 0.57587075
72 1381 0.59722865
72 2610 0.5866428
73 73 1.0
73 2160 0.5510044
74 74 1.0
74 2371 0.5707988
75 75 1.0
76 76 1.0
76 555 0.5789799
76 2221 0.5614611
77 77 1.0
77 589 0.56007004
78 78 1.0
79 79 1.0
79 2170 0.5788716
80 80 1.0
81 81 1.0
81 797 0.599911
81 1035 0.74767673
81 2005 0.763736
81 2774 0.5536727
82 82 1.0
83 83 1.0
84 84 1.0
84 160 0.5644337
84 245 0.5582224
84 257 0.61502874
84 593 0.64975846
84 854 0.56379735
84 869 0.6903904
84 908 0.558813
84 1039 0.5511099
84 1312 0.6162662
84 1446 0.5531992
84 1524 0.580883
84 1748 0.6246867
84 1845 0.6825541
84 1901 0.6828121
84 2065 0.63386476
84 2167 0.6335404
84 2439 0.82114834
84 2582 0.5917388
84 2674 0.55257446
84 3027 0.56887496
84 3077 0.59238887
84 3158 0.6201492
85 85 1.0
86 86 1.0
86 1161 0.6469392
86 1470 0.61541414
86 2067 0.5780715
86 2453 0.55097026
86 2725 0.6047001
86 2761 0.5646869
87 87 1.0
88 88 1.0
89 89 1.0
89 560 0.57497865
89 628 0.5878881
89 713 0.5800983
90 90 1.0
90 407 0.63831496
91 91 1.0
92 92 1.0
93 93 1.0
94 94 1.0
95 95 1.0
96 96 1.0
97 97 1.0
98 98 1.0
99 99 1.0
100 100 1.0
100 1862 0.5647561
101 101 1.0
102 102 1.0
103 103 1.0
103 1029 0.5985093
103 1053 0.5751788
104 0 0.56205034
104 104 1.0
105 105 1.0
106 106 1.0
106 910 0.6659935
106 2925 0.5640762
107 107 1.0
108 108 1.0
108 255 0.566674
108 1561 0.5723821
108 2978 0.5631836
109 109 1.0
110 110 1.0
110 760 0.57514733
110 1148 0.56612325
110 3116 0.5608612
111 111 1.0
112 112 1.0
113 113 1.0
114 114 1.0
115 115 1.0
116 116 1.0
117 117 1.0
118 118 1.0
119 119 1.0
119 537 0.6200326
119 1206 0.5601254
119 1396 0.5601254
119 1408 0.5601254
119 1453 0.5601254
119 1772 0.58330667
119 1789 0.5578503
119 1981 0.5601254
119 2030 0.5601254
119 2217 0.6200326
119 2274 0.553161
119 2324 0.6875921
119 2424 0.6200326
119 2616 0.5601254
119 2658 0.6200326
119 2870 0.55242455
120 120 1.0
121 121 1.0
122 122 1.0
123 22 0.6079535
123 123 1.0
124 124 1.0
124 205 0.6109715
124 250 0.5818969
124 257 0.55506414
124 1039 0.62517554
124 1387 0.5923758
124 3021 0.55697894
124 3027 0.56047344
124 3158 0.5807769
125 125 1.0
126 126 1.0
126 263 0.6338686
126 655 0.5967739
126 879 0.5536525
126 1063 0.5590613
126 2832 0.6022146
127 127 1.0
127 1431 0.6634958
127 1560 0.58769935
127 1623 0.6241328
127 1670 0.5600663
127 2719 0.5545789
127 2976 0.6200552
127 3132 0.67494655
128 128 1.0
129 129 1.0
129 776 0.7011913
129 1163 0.6307703
130 130 1.0
130 2291 0.6913611
131 131 1.0
132 132 1.0
132 774 0.61016893
132 1055 0.69561565
132 1382 0.6057376
132 1820 0.5566521
132 1903 0.55332124
133 133 1.0
133 1838 0.5978633
134 134 1.0
135 135 1.0
136 136 1.0
136 249 0.56020796
136 477 0.6503429
136 1389 0.67540336
136 1656 0.65416217
136 2238 0.6763351
136 2365 0.6590345
136 2622 0.5736343
136 2779 0.6300239
137 137 1.0
137 675 0.5684175
138 138 1.0
138 2214 0.66001314
139 139 1.0
140 140 1.0
140 251 0.6138963
140 584 0.60879004
140 709 0.6055574
140 1001 0.5603517
140 1084 0.62449074
140 1953 0.56311387
140 2478 0.59378904
140 2979 0.5601349
141 141 1.0
142 142 1.0
143 143 1.0
144 144 1.0
144 825 0.55990815
144 1703 0.5948173
145 145 1.0
146 146 1.0
146 307 0.56935906
146 514 0.565351
146 580 0.5819891
146 1964 0.6307268
146 2260 0.5803761
146 2402 0.5730243
146 2546 0.561517
146 2883 0.5673476
147 147 1.0
147 1211 0.5980627
147 1566 0.5836126
147 1913 0.5665197
147 2047 0.5849793
147 2159 0.56793517
148 148 1.0
149 149 1.0
149 1950 0.5637334
149 2286 0.5668207
150 150 1.0
150 641 0.59421957
150 911 0.56659067
150 1021 0.5871225
150 1081 0.5896258
150 1610 0.5529052
150 2196 0.64974374
150 2226 0.7428201
150 2531 0.67418635
150 2617 0.62048733
150 2635 0.589766
150 2849 0.6367997
150 2910 0.55262357
150 2951 0.6758913
151 151 1.0
152 22 0.5627323
152 152 1.0
152 1149 0.6013688
153 153 1.0
154 154 1.0
154 3080 0.5551295
155 155 1.0
156 156 1.0
157 157 1.0
158 158 1.0
158 1186 0.57484263
158 1225 0.55183893
158 1590 0.73597014
158 2007 0.57134795
158 2412 0.5503922
158 2481 0.63349646
158 3149 0.55985343
159 159 1.0
159 2834 0.55494547
160 84 0.5644337
160 160 1.0
160 205 0.65517026
160 593 0.5819851
160 869 0.6172137
160 1748 0.55804455
160 1845 0.64459467
160 2167 0.5911726
160 2582 0.5564548
160 3027 0.59339935
161 161 1.0
161 410 0.58776695
161 1465 0.5625056
161 2047 0.56565684
161 2845 0.5500102
162 162 1.0
162 595 0.63010573
162 1280 0.5527411
163 163 1.0
163 655 0.5531536
163 879 0.56160986
164 164 1.0
164 322 0.80757415
164 345 0.5604375
164 1120 0.753326
164 1686 0.6671924
164 1844 0.6501688
164 2118 0.583682
164 2319 0.59105706
164 2959 0.6072203
164 2991 0.58501154
165 165 1.0
165 583 0.62637615
165 2560 0.5752173
166 166 1.0
167 167 1.0
168 168 1.0
169 169 1.0
169 335 0.7582848
169 684 0.5928635
169 718 0.58990735
169 965 0.56874603
169 975 0.57439953
169 1049 0.6210813
169 1403 0.58304286
169 1685 0.60039496
169 1854 0.5608131
169 1863 0.7910899
169 2583 0.6164889
170 170 1.0
171 171 1.0
171 206 0.6073391
171 1181 0.5671373
171 1587 0.6264576
171 2066 0.5852666
171 2154 0.6328054
171 2452 0.59308153
171 2667 0.575844
171 2861 0.6006353
172 172 1.0
172 557 0.6411889
172 580 0.56413966
172 728 0.55880606
172 804 0.6609386
172 1090 0.5593217
172 1106 0.56355417
172 1223 0.56575525
172 1340 0.5528195
172 1595 0.563424
172 1795 0.5729826
172 2147 0.6058114
172 2211 0.67742085
172 2503 0.55265296
172 2809 0.58322823
172 2883 0.6064621
173 173 1.0
174 174 1.0
174 660 0.909177
174 2480 0.6792463
175 175 1.0
176 176 1.0
177 177 1.0
177 1086 0.5536126
177 2641 0.55412537
177 3090 0.6540131
178 178 1.0
178 247 0.55935574
178 560 0.5947149
178 620 0.5589378
178 954 0.6408579
178 1762 0.55786407
178 1858 0.5508825
178 2002 0.61904347
179 59 0.6967897
179 179 1.0
179 866 0.5624888
179 3108 0.65088
180 180 1.0
181 181 1.0
182 182 1.0
183 183 1.0
184 184 1.0
184 1006 0.5934242
185 185 1.0
186 186 1.0
187 187 1.0
187 2102 0.57723725
187 3153 0.5546999
188 188 1.0
189 189 1.0
189 781 0.67819804
190 190 1.0
191 191 1.0
192 192 1.0
192 958 0.6273678
193 193 1.0
194 194 1.0
195 195 1.0
196 196 1.0
197 197 1.0
197 2382 0.5975769
197 2756 0.5833514
198 198 1.0
198 994 0.5516463
198 2079 0.5531766
199 199 1.0
200 8 0.56789243
200 200 1.0
200 1765 0.6026933
201 201 1.0
202 202 1.0
202 1598 0.5824021
203 203 1.0
204 204 1.0
205 124 0.6109715
205 160 0.65517026
205 205 1.0
205 593 0.5500933
205 690 0.5734758
205 869 0.61870146
205 1039 0.5838224
205 1845 0.5695032
205 2167 0.6070373
205 2582 0.61094856
205 3027 0.6068172
205 3158 0.57325995
206 171 0.6073391
206 206 1.0
206 276 0.6077943
206 928 0.5588446
207 207 1.0
207 673 0.8274152
208 208 1.0
209 209 1.0
210 210 1.0
211 211 1.0
212 212 1.0
213 213 1.0
214 36 0.56994027
214 214 1.0
214 921 0.56448925
214 1959 0.56347364
214 2472 0.69141257
215 215 1.0
216 216 1.0
216 529 0.590414
217 217 1.0
218 218 1.0
218 2462 0.62545216
218 2628 0.5779172
218 2729 0.5767572
219 219 1.0
219 973 0.61396813
220 220 1.0
221 221 1.0
221 2559 0.5590737
222 222 1.0
222 2570 0.63179713
223 223 1.0
224 224 1.0
225 225 1.0
225 1066 0.6202237
225 1199 0.61749494
226 23 0.8283623
226 226 1.0
226 505 0.7347535
226 2836 0.80821556
227 227 1.0
228 228 1.0
229 229 1.0
229 1437 0.6656788
229 3162 0.8501694
230 230 1.0
230 335 0.5879495
230 587 0.59319013
230 684 0.5803855
230 718 0.665931
230 1403 0.65685505
230 1863 0.5542635
231 231 1.0
232 232 1.0
233 233 1.0
233 1066 0.5585927
233 1802 0.66065973
234 234 1.0
235 235 1.0
235 408 0.58906364
235 1915 0.57121646
235 2617 0.5629627
235 2849 0.565273
235 2904 0.55606085
236 236 1.0
237 237 1.0
238 238 1.0
238 523 0.5902114
238 819 0.5831216
238 1037 0.56578434
239 239 1.0
240 240 1.0
240 3091 0.55963117
241 241 1.0
241 1469 0.55602354
242 242 1.0
242 356 0.6474614
242 962 0.6677876
242 1848 0.6426652
242 2299 0.6091995
242 2373 0.7039915
242 2487 0.6066318
242 2589 0.6079899
242 2982 0.6664248
243 243 1.0
243 1627 0.58625084
244 42 0.5722354
244 244 1.0
244 419 0.6222679
244 488 0.55342937
244 982 0.5620893
244 1477 0.64281213
244 1667 0.6651291
244 2556 0.5776973
245 84 0.5582224
245 245 1.0
245 509 0.5692324
245 908 0.63729984
245 1524 0.5625063
245 1901 0.5593627
245 2491 0.70969737
245 2581 0.6308673
245 3077 0.5952798
245 3158 0.5876991
246 246 1.0
246 346 0.5520504
247 178 0.55935574
247 247 1.0
247 560 0.5879538
247 599 0.68288326
247 602 0.56484914
247 1009 0.6737842
247 1762 0.5696508
247 1858 0.56310856
247 2002 0.5733637
247 2007 0.6007114
247 2032 0.55748516
247 2074 0.5500002
247 2286 0.57431275
247 2539 0.5689867
247 2633 0.6028051
247 2946 0.55383325
248 248 1.0
248 2470 0.60700667
248 2829 0.6401444
249 136 0.56020796
249 249 1.0
249 1389 0.56164074
249 2238 0.61921185
249 2365 0.5699014
249 2622 0.6085554
249 2779 0.5774313
249 3137 0.5881939
250 124 0.5818969
250 250 1.0
250 257 0.5565536
250 869 0.5660478
250 1039 0.56144464
250 1387 0.55963993
250 1845 0.56506956
250 1969 0.57024175
250 2167 0.5932654
251 140 0.6138963
251 251 1.0
251 460 0.59507513
251 1084 0.5635386
251 1953 0.5711194
252 252 1.0
252 562 0.5940766
252 2031 0.60112524
253 253 1.0
253 1211 0.57809293
253 1737 0.55016714
253 3044 0.5544711
254 254 1.0
254 1081 0.56219935
254 1413 0.5508117
255 108 0.566674
255 255 1.0
255 1317 0.633822
255 1794 0.6110719
255 2499 0.5556652
256 256 1.0
256 599 0.5882188
256 1784 0.5879077
256 1858 0.55016774
256 2379 0.5546505
257 84 0.61502874
257 124 0.55506414
257 250 0.5565536
257 257 1.0
257 425 0.5585102
257 593 0.59420395
257 869 0.55667627
257 1039 0.60354894
257 1748 0.5952287
257 1901 0.5910212
257 2439 0.5598675
257 2674 0.6035984
257 3158 0.6132304
258 258 1.0
258 288 0.58819044
258 416 0.5719186
258 864 0.5633694
258 2453 0.5669043
259 259 1.0
260 260 1.0
260 3014 0.5863772
261 261 1.0
261 2504 0.6011092
262 262 1.0
263 126 0.6338686
263 263 1.0
264 264 1.0
265 265 1.0
266 266 1.0
267 267 1.0
268 268 1.0
268 1328 0.622205
268 1998 0.5944541
268 2636 0.5972598
268 3007 0.57857275
269 269 1.0
270 270 1.0
270 800 0.5692415
271 271 1.0
272 272 1.0
272 773 0.5532077
273 273 1.0
274 274 1.0
275 275 1.0
275 2716 0.6279962
276 206 0.6077943
276 276 1.0
276 505 0.5580467
276 640 0.5527726
276 2452 0.5569145
277 277 1.0
277 1115 0.63555914
278 278 1.0
278 454 0.5622799
278 1835 0.60631216
279 279 1.0
279 742 0.5619138
279 2404 0.7141628
279 2533 0.70206606
280 280 1.0
280 2797 0.55147547
281 281 1.0
282 282 1.0
283 283 1.0
284 284 1.0
285 285 1.0
286 286 1.0
287 287 1.0
287 1675 0.6055445
288 258 0.58819044
288 288 1.0
288 1161 0.5840372
288 1955 0.5610346
288 2067 0.55922705
288 2179 0.5909643
288 2453 0.60158324
289 289 1.0
289 903 0.5599353
289 1646 0.5617987
289 1823 0.568243
290 290 1.0
291 291 1.0
292 292 1.0
293 293 1.0
293 2328 0.5655216
294 69 0.55837023
294 294 1.0
294 904 0.5638373
294 2083 0.6579248
294 2395 0.56143355
294 3028 0.63471395
295 295 1.0
296 296 1.0
296 2618 0.7454021
297 297 1.0
297 2785 0.56163764
298 298 1.0
299 299 1.0
300 300 1.0
301 301 1.0
301 897 0.60777986
301 924 0.5992619
301 2602 0.56694037
302 302 1.0
302 2025 0.57463527
303 303 1.0
304 304 1.0
304 1347 0.56385285
305 305 1.0
305 2171 0.56699574
305 2291 0.551344
306 306 1.0
306 1082 0.5848739
307 146 0.56935906
307 307 1.0
307 525 0.5683232
307 768 0.55679893
308 308 1.0
308 2462 0.60443646
309 309 1.0
310 310 1.0
311 311 1.0
311 1014 0.5511178
312 312 1.0
312 3096 0.6606863
313 313 1.0
314 314 1.0
315 315 1.0
316 316 1.0
317 317 1.0
318 318 1.0
319 13 0.56396616
319 319 1.0
319 359 0.645195
319 1075 0.5777774
319 1964 0.582467
320 320 1.0
320 2525 0.6166434
320 3059 0.56283516
321 321 1.0
321 391 0.5860294
321 3148 0.5870153
322 164 0.80757415
322 322 1.0
322 345 0.5510134
322 466 0.5544958
322 1120 0.7060248
322 1686 0.64910114
322 2118 0.6259899
322 2319 0.59351546
322 2959 0.56376964
323 323 1.0
324 324 1.0
325 325 1.0
325 1925 0.582649
326 33 0.71108514
326 326 1.0
326 1890 0.643687
327 327 1.0
328 328 1.0
329 329 1.0
329 761 0.5615656
329 2035 0.5670466
330 330 1.0
331 331 1.0
332 332 1.0
332 1466 0.5571122
332 2281 0.68041855
333 0 0.63045853
333 333 1.0
333 1276 0.5522371
334 334 1.0
335 169 0.7582848
335 230 0.5879495
335 335 1.0
335 587 0.62405187
335 718 0.59782726
335 965 0.58571666
335 1049 0.5983248
335 1403 0.58314586
335 1685 0.57929176
335 1863 0.7729876
335 2583 0.6015011
336 336 1.0
336 858 0.568697
336 2792 0.5934522
337 337 1.0
337 1960 0.59138644
337 3133 0.59433633
338 338 1.0
339 339 1.0
339 1193 0.6113901
340 340 1.0
340 601 0.55790854
340 618 0.633528
340 778 0.5588778
340 1626 0.57087
340 2447 0.599805
340 2591 0.5684228
340 2762 0.58195364
340 2775 0.5566176
340 2980 0.557543
341 341 1.0
342 342 1.0
343 343 1.0
343 2614 0.6115587
343 2814 0.64857745
344 344 1.0
344 668 0.63626015
344 757 0.6077622
344 2122 0.58623236
344 2177 0.6419308
344 2675 0.57568365
345 11 0.7778733
345 164 0.5604375
345 322 0.5510134
345 345 1.0
345 388 0.58012277
345 466 0.791025
345 759 0.6794978
345 873 0.6144411
345 1114 0.6063454
345 1120 0.6552536
345 1241 0.6547658
345 1434 0.8528065
345 1686 0.6345298
345 1844 0.5853857
345 1861 0.7969807
345 2118 0.66606313
345 2319 0.6214557
345 2406 0.56286067
345 2423 0.6627308
345 2489 0.6706091
345 2548 0.62178487
345 2959 0.80023277
345 2991 0.8386661
346 246 0.5520504
346 346 1.0
347 46 0.7018
347 347 1.0
347 539 0.5913315
347 655 0.5567223
347 718 0.6187323
347 798 0.62332386
347 1403 0.59233993
347 2103 0.6718467
347 2404 0.55555296
347 2679 0.57567734
348 348 1.0
348 517 0.55830264
349 349 1.0
350 350 1.0
351 351 1.0
352 352 1.0
352 2467 0.5704175
353 353 1.0
353 1684 0.55158865
354 354 1.0
354 858 0.5875539
355 355 1.0
355 426 0.5841676
355 2491 0.589273
356 242 0.6474614
356 356 1.0
356 1848 0.5777808
356 2299 0.6194397
356 2487 0.63442594
356 2982 0.57268065
357 67 0.5980342
357 357 1.0
357 978 0.5572282
357 2383 0.6628875
358 358 1.0
359 13 0.5781108
359 319 0.645195
359 359 1.0
359 641 0.5815221
359 940 0.5546627
359 994 0.5858014
359 1413 0.5657652
359 1964 0.5591822
359 2387 0.5530126
359 2441 0.55348825
360 360 1.0
360 1190 0.5540923
360 2198 0.59039575
360 3118 0.6035166
361 361 1.0
362 362 1.0
362 1006 0.5852899
363 363 1.0
364 364 1.0
365 365 1.0
366 366 1.0
367 54 0.554187
367 367 1.0
367 461 0.58608556
367 721 0.5647743
367 1670 0.5865628
367 2608 0.55752605
367 2775 0.7366564
367 2980 0.55761606
367 3132 0.55500716
368 368 1.0
369 26 0.55068666
369 369 1.0
369 2699 0.5993587
369 2878 0.59978825
370 370 1.0
370 1954 0.58061355
371 371 1.0
371 2595 0.5620571
371 2828 0.5537365
372 372 1.0
373 373 1.0
374 374 1.0
375 375 1.0
376 376 1.0
377 377 1.0
377 539 0.7077802
378 378 1.0
378 1269 0.6063999
378 2595 0.5541428
379 379 1.0
379 562 0.5812002
379 2271 0.61008686
380 380 1.0
380 1687 0.6585691
381 381 1.0
381 1953 0.5906524
382 382 1.0
382 1747 0.56885624
383 383 1.0
384 384 1.0
385 385 1.0
385 1498 0.57713455
386 386 1.0
387 387 1.0
388 345 0.58012277
388 388 1.0
388 2489 0.5662024
388 3147 0.656636
389 389 1.0
390 33 0.81051356
390 390 1.0
390 1890 0.5583715
391 321 0.5860294
391 391 1.0
391 1891 0.6131223
392 392 1.0
393 393 1.0
393 1035 0.5556465
393 1161 0.57787025
393 1955 0.57423896
393 2005 0.57899994
393 2179 0.57557744
394 394 1.0
395 395 1.0
395 3153 0.56788987
396 396 1.0
396 1896 0.573594
397 397 1.0
398 398 1.0
398 2471 0.74471503
399 399 1.0
400 400 1.0
401 401 1.0
402 402 1.0
403 403 1.0
403 1255 0.5799894
404 404 1.0
404 1742 0.67531693
404 1848 0.55485344
404 1921 0.6383726
405 405 1.0
405 620 0.6470472
405 833 0.55077004
405 1343 0.5890619
406 406 1.0
406 515 0.6050594
407 90 0.63831496
407 407 1.0
407 408 0.5548382
407 629 0.61763436
407 2387 0.6023927
408 235 0.58906364
408 407 0.5548382
408 408 1.0
408 1915 0.5929748
408 2617 0.56685203
409 409 1.0
409 2295 0.61398995
410 161 0.58776695
410 410 1.0
410 1211 0.7098924
410 1368 0.56292737
410 1419 0.5668983
410 1465 0.5696113
410 1737 0.558313
410 2047 0.62281424
410 2361 0.5626607
410 2497 0.56292737
410 2845 0.5901458
410 3044 0.60408735
411 411 1.0
412 412 1.0
413 413 1.0
413 748 0.60027224
413 1887 0.6500799
413 2974 0.5748029
414 414 1.0
414 1240 0.6859352
414 3120 0.6440456
415 415 1.0
416 258 0.5719186
416 416 1.0
416 502 0.55173415
417 417 1.0
418 418 1.0
418 1230 0.71690804
418 2048 0.59717745
419 42 0.5823298
419 244 0.6222679
419 419 1.0
419 982 0.5593198
419 1423 0.5670607
419 1477 0.5892404
420 420 1.0
420 1082 0.5967903
420 1096 0.6170927
420 2236 0.59331274
420 3089 0.5661828
421 421 1.0
422 422 1.0
423 423 1.0
423 793 0.5743947
424 424 1.0
425 257 0.5585102
425 425 1.0
425 854 0.5691942
425 1018 0.55083525
425 2674 0.6032706
426 355 0.5841676
426 426 1.0
426 690 0.5721269
426 908 0.58396816
426 1359 0.5551844
426 2332 0.5864664
427 427 1.0
428 428 1.0
428 2822 0.72119725
429 429 1.0
430 430 1.0
430 1193 0.5560391
431 431 1.0
432 432 1.0
433 433 1.0
433 1042 0.61297196
434 434 1.0
435 435 1.0
436 436 1.0
436 1329 0.57695
437 437 1.0
437 2029 0.5724424
437 2653 0.5868686
438 438 1.0
438 1224 0.57897013
439 439 1.0
440 440 1.0
440 1416 0.9257039
440 1541 0.6239213
441 441 1.0
441 1544 0.55530936
442 442 1.0
443 443 1.0
443 558 0.5859147
443 1104 0.5683876
443 2303 0.55518043
443 2543 0.56502277
444 444 1.0
445 445 1.0
446 446 1.0
446 2364 0.76930696
447 447 1.0
448 448 1.0
448 690 0.5513653
449 449 1.0
450 450 1.0
450 462 0.5696518
450 588 0.5820968
451 451 1.0
452 452 1.0
453 453 1.0
454 278 0.5622799
454 454 1.0
455 455 1.0
456 456 1.0
456 812 0.58850914
456 1270 0.5524436
457 457 1.0
458 458 1.0
459 459 1.0
459 2338 0.6431693
460 251 0.59507513
460 460 1.0
460 1084 0.6156667
460 2960 0.5552015
461 54 0.5620665
461 367 0.58608556
461 461 1.0
461 511 0.5517219
461 564 0.615761
461 721 0.58500916
461 1310 0.5723533
461 1355 0.5768453
461 1560 0.65183115
461 1670 0.60762024
461 1938 0.7327792
461 2489 0.5558283
461 2599 0.6451583
461 2762 0.60422873
461 2775 0.5798253
461 2976 0.62376404
461 3132 0.62179345
462 450 0.5696518
462 462 1.0
463 463 1.0
464 464 1.0
465 465 1.0
466 11 0.7376304
466 322 0.5544958
466 345 0.791025
466 466 1.0
466 759 0.73640287
466 873 0.6080425
466 1114 0.6432811
466 1120 0.6347887
466 1241 0.6003769
466 1434 0.67378396
466 1686 0.62993175
466 1844 0.6373589
466 1861 0.7595748
466 2118 0.61042047
466 2319 0.5789875
466 2423 0.57240254
466 2489 0.66458356
466 2548 0.65823746
466 2959 0.74842525
466 2991 0.70711005
466 3101 0.6059133
467 467 1.0
468 468 1.0
469 469 1.0
470 470 1.0
470 586 0.740027
470 1600 0.6322669
471 471 1.0
472 472 1.0
473 473 1.0
474 474 1.0
474 2623 0.6280639
475 475 1.0
476 476 1.0
477 136 0.6503429
477 477 1.0
477 1389 0.6591005
477 2238 0.6731102
477 2365 0.572791
477 2779 0.6733287
478 478 1.0
478 1753 0.6057757
478 1931 0.55845875
478 1933 0.64031065
479 479 1.0
479 2592 0.5828363
480 480 1.0
481 481 1.0
482 482 1.0
482 2386 0.57054234
482 2968 0.5623909
483 483 1.0
484 484 1.0
484 742 0.5668821
484 1336 0.5536321
484 2642 0.5536458
485 485 1.0
486 486 1.0
486 671 0.56783766
487 487 1.0
487 2509 0.5680604
488 244 0.55342937
488 488 1.0
488 2641 0.5538665
488 2804 0.5634332
489 489 1.0
489 1732 0.577252
490 490 1.0
491 491 1.0
491 994 0.5897299
492 492 1.0
492 1016 0.5746869
493 493 1.0
494 494 1.0
495 495 1.0
495 1392 0.59297496
495 2095 0.58980924
495 2262 0.5818623
495 2304 0.5975141
496 496 1.0
497 497 1.0
498 498 1.0
499 499 1.0
500 500 1.0
501 501 1.0
501 1300 0.58691204
501 1431 0.61343604
501 1560 0.5883732
501 2169 0.61112833
501 2489 0.57453626
501 2976 0.57202613
502 416 0.55173415
502 502 1.0
503 503 1.0
504 504 1.0
505 23 0.76238084
505 226 0.7347535
505 276 0.5580467
505 505 1.0
505 1651 0.5665253
505 2836 0.8713633
506 506 1.0
506 1270 0.5807838
506 2716 0.60686755
506 2737 0.61313576
507 507 1.0
508 508 1.0
509 245 0.5692324
509 509 1.0
509 736 0.6594013
509 1579 0.5916817
509 1845 0.56206155
509 2167 0.567297
509 2521 0.5626633
509 2582 0.57993174
510 510 1.0
511 461 0.5517219
511 511 1.0
512 512 1.0
513 513 1.0
514 146 0.565351
514 514 1.0
514 714 0.57218575
514 2883 0.59657484
515 406 0.6050594
515 515 1.0
515 1730 0.56446356
515 1798 0.61236215
515 1950 0.6172372
516 516 1.0
517 348 0.55830264
517 517 1.0
517 719 0.5508694
517 740 0.5572642
517 1936 0.6342933
517 2527 0.5524337
517 3042 0.6061405
518 518 1.0
519 519 1.0
520 520 1.0
520 2756 0.5539918
521 521 1.0
521 1601 0.8101601
522 522 1.0
523 238 0.5902114
523 523 1.0
524 524 1.0
524 2572 0.5874204
525 307 0.5683232
525 525 1.0
525 580 0.5546588
525 2384 0.5566077
526 526 1.0
527 527 1.0
527 804 0.5755129
527 1904 0.56662333
527 2503 0.5593638
527 2862 0.56579214
528 528 1.0
529 216 0.590414
529 529 1.0
529 2887 0.5565666
530 530 1.0
531 531 1.0
531 630 0.6277482
531 1734 0.55822754
532 532 1.0
533 533 1.0
534 534 1.0
534 542 0.6455666
535 535 1.0
536 536 1.0
536 741 0.55692583
537 119 0.6200326
537 537 1.0
537 1206 0.8722121
537 1396 0.8722121
537 1408 0.8722121
537 1453 0.8722121
537 1772 0.6214676
537 1789 0.5629146
537 1981 0.8722121
537 2030 0.8722121
537 2217 1.0000001
537 2274 0.60636324
537 2324 0.71973264
537 2424 1.0000001
537 2616 0.8722121
537 2658 1.0000001
537 2678 0.65488434
537 2870 0.9128021
538 538 1.0
538 1524 0.5688485
538 1579 0.5600282
538 2312 0.5582324
539 347 0.5913315
539 377 0.7077802
539 539 1.0
539 871 0.5552511
540 540 1.0
540 2190 0.5688063
541 541 1.0
542 534 0.6455666
542 542 1.0
543 543 1.0
544 544 1.0
545 545 1.0
546 546 1.0
546 633 0.57004553
546 2422 0.9289063
547 547 1.0
548 548 1.0
549 549 1.0
549 1157 0.57133245
549 1227 0.6519571
550 550 1.0
551 551 1.0
551 938 0.60103524
552 552 1.0
553 553 1.0
553 780 0.6171439
554 554 1.0
555 76 0.5789799
555 555 1.0
555 904 0.5679134
555 2221 0.57262665
555 2342 0.6161522
555 2395 0.5900188
555 2835 0.5604532
555 3028 0.64119875
556 556 1.0
557 172 0.6411889
557 557 1.0
557 580 0.6681558
557 728 0.58897096
557 804 0.670023
557 1106 0.59298927
557 1340 0.69254154
557 1515 0.6311171
557 1595 0.6285124
557 2147 0.6021365
557 2211 0.6792121
557 2862 0.5732055
557 2883 0.5986771
558 443 0.5859147
558 558 1.0
558 1519 0.5542834
558 2429 0.5979199
558 2543 0.5828133
559 559 1.0
560 89 0.57497865
560 178 0.5947149
560 247 0.5879538
560 560 1.0
560 599 0.5809874
560 602 0.6506825
560 620 0.5702472
560 634 0.62408566
560 954 0.5604615
560 1009 0.5664994
560 1343 0.6049268
560 1858 0.58008695
560 1872 0.5659583
560 1991 0.6200763
560 2002 0.5568422
560 2007 0.62017256
560 2032 0.60156906
560 2074 0.5633526
560 2327 0.6157074
560 2494 0.6008544
560 2539 0.59603065
560 2554 0.58656734
560 2633 0.5800157
560 2646 0.5663194
561 561 1.0
562 252 0.5940766
562 379 0.5812002
562 562 1.0
562 859 0.5571449
562 1270 0.6238237
562 2584 0.61926305
563 563 1.0
564 461 0.615761
564 564 1.0
564 1355 0.6050728
564 1431 0.58253664
564 1560 0.62098
564 1938 0.5916135
564 2762 0.606481
564 2976 0.60056436
564 3132 0.625582
565 565 1.0
566 566 1.0
567 567 1.0
567 2729 0.5650088
568 568 1.0
569 569 1.0
569 1487 0.55317265
570 570 1.0
570 1911 0.5771397
571 571 1.0
571 1687 0.6227918
571 2255 0.5826077
572 572 1.0
573 573 1.0
574 574 1.0
574 1463 0.5569324
575 575 1.0
575 2967 0.5881741
576 576 1.0
577 577 1.0
578 578 1.0
579 579 1.0
580 146 0.5819891
580 172 0.56413966
580 525 0.5546588
580 557 0.6681558
580 580 1.0
580 714 0.5518237
580 728 0.5882389
580 804 0.64666134
580 809 0.6227
580 1077 0.6755182
580 1090 0.5902057
580 1106 0.5591991
580 1599 0.5627293
580 2020 0.5684567
580 2211 0.5963716
580 2232 0.5552345
580 2384 0.6659197
580 2402 0.5765966
580 2546 0.6296243
580 2862 0.6226245
580 2883 0.6686575
581 581 1.0
582 582 1.0
583 165 0.62637615
583 583 1.0
583 2560 0.571368
584 140 0.60879004
584 584 1.0
585 585 1.0
586 470 0.740027
586 586 1.0
586 1600 0.5684296
587 230 0.59319013
587 335 0.62405187
587 587 1.0
587 684 0.55854
588 450 0.5820968
588 588 1.0
588 2671 0.5838678
589 77 0.56007004
589 589 1.0
590 590 1.0
591 591 1.0
591 787 0.5578328
592 592 1.0
593 84 0.64975846
593 160 0.5819851
593 205 0.5500933
593 257 0.59420395
593 593 1.0
593 869 0.64351803
593 1008 0.57916635
593 1039 0.56255096
593 1103 0.5661547
593 1312 0.8318523
593 1524 0.600535
593 1748 0.5643974
593 1845 0.656445
593 1901 0.61553824
593 2065 0.69925743
593 2167 0.5905496
593 2439 0.62997985
593 2565 0.56821555
593 2582 0.6017569
593 3021 0.5687524
593 3027 0.5924755
593 3158 0.6164486
594 594 1.0
595 162 0.63010573
595 595 1.0
596 596 1.0
597 597 1.0
598 598 1.0
598 617 0.66286093
599 247 0.68288326
599 256 0.5882188
599 560 0.5809874
599 599 1.0
599 647 0.5636652
599 833 0.5989699
599 1009 0.5576038
599 1858 0.5786649
599 2002 0.5972922
599 2014 0.5772054
599 2032 0.56985384
599 2074 0.70601946
599 2286 0.67145604
599 2300 0.5979456
599 2419 0.5581291
599 2539 0.59804666
599 2555 0.58579546
599 2633 0.66230613
599 2810 0.57238317
599 2946 0.55726606
599 3056 0.5616454
600 600 1.0
601 340 0.55790854
601 601 1.0
601 1431 0.56053025
601 1558 0.5661297
601 1670 0.55919254
601 2317 0.56038773
601 2976 0.5541516
601 3132 0.6035484
602 247 0.56484914
602 560 0.6506825
602 602 1.0
602 1009 0.58425957
602 1460 0.5569916
602 1762 0.5502911
602 1858 0.5600437
602 2032 0.5792337
602 2494 0.5719483
602 2539 0.55177736
602 2554 0.58165354
602 2878 0.5708115
603 603 1.0
603 817 0.59484714
603 2276 0.64241177
603 2683 0.6032436
604 604 1.0
604 1614 0.57401174
604 2680 0.6574688
604 2826 0.5855239
605 605 1.0
606 606 1.0
607 607 1.0
607 1090 0.6085341
607 2809 0.5554881
608 608 1.0
608 2240 0.5872326
609 609 1.0
610 610 1.0
611 611 1.0
611 1639 0.5750004
612 612 1.0
613 613 1.0
613 2174 0.60825235
613 3044 0.601778
614 614 1.0
614 2148 0.5653881
615 615 1.0
616 616 1.0
617 598 0.66286093
617 617 1.0
618 340 0.633528
618 618 1.0
618 1558 0.554771
619 619 1.0
620 178 0.5589378
620 405 0.6470472
620 560 0.5702472
620 620 1.0
621 621 1.0
621 1328 0.5568225
621 1514 0.5590084
622 622 1.0
623 623 1.0
624 624 1.0
625 625 1.0
626 626 1.0
627 627 1.0
627 818 0.6290996
627 836 0.64295465
627 1228 0.5978671
627 1513 0.6488075
627 2280 0.59318006
627 2290 0.7655303
627 2316 0.6323786
627 2530 0.76354265
628 89 0.5878881
628 628 1.0
628 722 0.5667762
628 2327 0.574854
628 2633 0.55179286
629 407 0.61763436
629 629 1.0
629 765 0.5508035
629 1506 0.5557145
629 1800 0.55676097
630 531 0.6277482
630 630 1.0
630 885 0.58632034
630 924 0.5599534
630 2946 0.5540888
631 631 1.0
632 632 1.0
632 3147 0.622005
633 546 0.57004553
633 633 1.0
634 560 0.62408566
634 634 1.0
634 1343 0.5833627
634 2007 0.56564486
634 2032 0.6233003
634 2539 0.57634854
634 2633 0.56496114
634 3085 0.56343055
635 635 1.0
636 636 1.0
636 2398 0.6100668
636 2570 0.56432265
637 637 1.0
637 1224 0.5613362
638 638 1.0
639 639 1.0
640 276 0.5527726
640 640 1.0
640 989 0.5594849
640 1758 0.55153215
640 3094 0.62991494
641 13 0.5940776
641 150 0.59421957
641 359 0.5815221
641 641 1.0
641 733 0.7019619
641 1021 0.61144155
641 1081 0.59075147
641 2226 0.5539409
641 2403 0.56435347
641 2426 0.5714966
641 2617 0.556104
641 2951 0.56895167
642 642 1.0
643 643 1.0
644 644 1.0
645 645 1.0
646 646 1.0
646 1068 0.66490847
646 1180 0.55751646
646 1251 0.7264357
646 2508 0.59233606
647 44 0.5512704
647 599 0.5636652
647 647 1.0
647 1933 0.59429276
647 2002 0.6636149
647 2646 0.57577586
648 648 1.0
648 800 0.6201645
648 2709 0.5949995
649 649 1.0
650 650 1.0
651 651 1.0
652 652 1.0
653 29 0.6126803
653 653 1.0
654 654 1.0
655 46 0.55089563
655 126 0.5967739
655 163 0.5531536
655 347 0.5567223
655 655 1.0
655 657 0.5784297
655 879 0.68436694
655 1403 0.5601489
655 2103 0.5882459
656 656 1.0
657 655 0.5784297
657 657 1.0
658 658 1.0
658 3015 0.656228
659 659 1.0
660 174 0.909177
660 660 1.0
660 2480 0.63744056
661 661 1.0
661 1374 0.6025363
662 662 1.0
663 663 1.0
664 664 1.0
665 665 1.0
666 666 1.0
666 1955 0.7440558
666 2179 0.7548049
666 2762 0.5641882
667 667 1.0
668 344 0.63626015
668 668 1.0
668 757 0.56761384
668 2122 0.5951598
668 2177 0.5994659
668 2675 0.60005623
669 669 1.0
670 670 1.0
671 486 0.56783766
671 671 1.0
672 672 1.0
672 2171 0.825262
673 207 0.8274152
673 673 1.0
674 674 1.0
674 1515 0.6345222
675 137 0.5684175
675 675 1.0
675 1084 0.5512489
675 2396 0.6496502
675 3042 0.5912144
676 676 1.0
677 677 1.0
677 799 0.5526177
678 678 1.0
679 679 1.0
679 1139 0.6074906
679 1671 0.61062694
679 2014 0.5655132
680 680 1.0
681 681 1.0
681 1831 0.57899326
681 2504 0.6149014
682 682 1.0
683 683 1.0
683 2559 0.56043255
684 169 0.5928635
684 230 0.5803855
684 587 0.55854
684 684 1.0
684 718 0.6163719
684 965 0.5577181
684 975 0.5725876
684 1049 0.58235747
684 1403 0.6244885
684 1854 0.55175203
684 2366 0.5705983
684 2474 0.6076811
684 2583 0.58760035
685 685 1.0
686 42 0.5673168
686 686 1.0
687 687 1.0
688 688 1.0
689 689 1.0
689 2791 0.5592997
690 205 0.5734758
690 426 0.5721269
690 448 0.5513653
690 690 1.0
690 736 0.5588723
690 869 0.5526096
690 908 0.6065568
690 1579 0.60355127
690 2332 0.56412554
690 2582 0.5544673
691 691 1.0
692 692 1.0
693 693 1.0
694 694 1.0
695 695 1.0
695 1765 0.567545
696 696 1.0
697 697 1.0
698 698 1.0
699 699 1.0
700 700 1.0
701 701 1.0
702 702 1.0
703 703 1.0
703 3101 0.567027
704 704 1.0
705 705 1.0
706 706 1.0
706 1528 0.68770766
707 707 1.0
708 708 1.0
708 2508 0.72173446
708 2791 0.5972294
709 140 0.6055574
709 709 1.0
709 2960 0.6012002
709 3062 0.6398684
710 710 1.0
711 711 1.0
712 712 1.0
713 89 0.5800983
713 713 1.0
713 800 0.5543051
713 1460 0.6383873
713 1478 0.6703229
714 514 0.57218575
714 580 0.5518237
714 714 1.0
714 728 0.5527737
714 804 0.5840593
714 1173 0.5929373
714 1904 0.5624875
714 2546 0.5550023
714 2635 0.5680991
714 3124 0.5681439
715 715 1.0
716 716 1.0
717 717 1.0
718 169 0.58990735
718 230 0.665931
718 335 0.59782726
718 347 0.6187323
718 684 0.6163719
718 718 1.0
718 965 0.59164715
718 975 0.5561173
718 1049 0.58162415
718 1403 0.90888965
718 1568 0.57115257
718 1685 0.5512278
718 1854 0.58892405
718 1863 0.61777425
718 2103 0.59368956
718 2366 0.566452
718 2474 0.57095915
719 517 0.5508694
719 719 1.0
720 65 0.58045405
720 720 1.0
720 1074 0.5607446
720 1526 0.55677116
720 2037 0.57714325
721 54 0.66622865
721 367 0.5647743
721 461 0.58500916
721 721 1.0
721 1304 0.72504824
721 1670 0.5639374
721 2703 0.57490927
721 3134 0.557672
722 628 0.5667762
722 722 1.0
722 1764 0.57281244
722 2327 0.59431297
723 723 1.0
724 724 1.0
725 725 1.0
726 726 1.0
726 1382 0.5670093
727 727 1.0
727 889 0.6498392
727 1701 0.61116415
727 1871 0.62777734
727 2748 0.71168697
728 172 0.55880606
728 557 0.58897096
728 580 0.5882389
728 714 0.5527737
728 728 1.0
728 804 0.5724723
728 1106 0.6149689
728 1173 0.55796844
728 1550 0.57938695
728 2211 0.5516284
728 2809 0.6234103
728 2862 0.6019052
728 2883 0.5652509
729 729 1.0
729 795 0.64277416
729 1865 0.56604826
729 2687 0.6112416
730 730 1.0
731 731 1.0
732 732 1.0
732 1497 0.567901
733 13 0.57788104
733 641 0.7019619
733 733 1.0
733 1081 0.57417506
733 2035 0.63010573
733 2196 0.59799075
733 2226 0.5659117
734 734 1.0
735 735 1.0
736 509 0.6594013
736 690 0.5588723
736 736 1.0
736 1386 0.57862777
736 1524 0.57319736
737 737 1.0
738 738 1.0
739 739 1.0
740 517 0.5572642
740 740 1.0
741 536 0.55692583
741 741 1.0
741 2966 0.634583
742 279 0.5619138
742 484 0.5668821
742 742 1.0
742 1267 0.62729853
742 2404 0.6793851
743 743 1.0
744 744 1.0
745 11 0.58478427
745 745 1.0
745 1114 0.5699623
745 1165 0.5675989
745 1241 0.6850979
745 1434 0.5583752
745 2118 0.61367655
745 2319 0.57203424
745 2489 0.6310505
745 2959 0.57207644
745 3101 0.6087169
746 746 1.0
747 747 1.0
748 413 0.60027224
748 748 1.0
748 1439 0.57544935
749 749 1.0
749 789 0.5544571
749 1695 0.613973
750 750 1.0
751 50 0.62592787
751 751 1.0
752 752 1.0
752 1019 0.55777144
752 2552 0.5512924
752 2835 0.56078076
753 753 1.0
754 754 1.0
754 773 0.55786145
755 755 1.0
756 756 1.0
756 3084 0.5524938
757 344 0.6077622
757 668 0.56761384
757 757 1.0
757 2177 0.5527556
757 2675 0.5607083
758 758 1.0
759 11 0.64718735
759 345 0.6794978
759 466 0.73640287
759 759 1.0
759 873 0.5761505
759 1114 0.64381665
759 1120 0.6316848
759 1241 0.5941982
759 1434 0.5837772
759 1686 0.59406596
759 1844 0.5608217
759 1861 0.68637973
759 2118 0.63285905
759 2319 0.60112673
759 2406 0.6638706
759 2489 0.7846695
759 2548 0.6772671
759 2959 0.6181137
759 2976 0.5597261
759 2991 0.6076685
759 3101 0.63140494
760 110 0.57514733
760 760 1.0
761 329 0.5615656
761 761 1.0
761 1961 0.56185186
762 762 1.0
762 939 0.55192894
763 763 1.0
764 764 1.0
765 629 0.5508035
765 765 1.0
765 1084 0.59145653
765 1865 0.5750384
766 766 1.0
767 767 1.0
767 1634 0.55099785
767 2338 0.6366773
768 69 0.550642
768 307 0.55679893
768 768 1.0
768 2342 0.55756056
769 769 1.0
770 770 1.0
771 771 1.0
772 772 1.0
773 272 0.5532077
773 754 0.55786145
773 773 1.0
774 132 0.61016893
774 774 1.0
774 1055 0.68038744
774 1382 0.87326455
774 1732 0.56213933
775 775 1.0
775 869 0.5629817
775 1901 0.5663716
775 3158 0.6226589
776 129 0.7011913
776 776 1.0
776 1163 0.6351558
777 777 1.0
777 1862 0.6520596
777 2661 0.64979094
778 340 0.5588778
778 778 1.0
778 1037 0.55699706
778 1431 0.57576776
778 1526 0.5533986
778 1584 0.5665316
778 2762 0.55175316
778 2976 0.55139387
778 3118 0.5802377
778 3132 0.57847315
779 779 1.0
780 553 0.6171439
780 780 1.0
781 189 0.67819804
781 781 1.0
781 1753 0.5656044
781 1933 0.5646462
782 782 1.0
783 783 1.0
784 784 1.0
785 785 1.0
786 786 1.0
786 994 0.5658196
786 2270 0.6043521
786 2387 0.5582244
787 591 0.5578328
787 787 1.0
787 875 0.5884711
787 2234 0.55597246
787 2729 0.5675166
787 2920 0.69323176
787 2996 0.5906903
788 788 1.0
789 749 0.5544571
789 789 1.0
790 790 1.0
791 791 1.0
791 1450 0.94470054
792 792 1.0
793 423 0.5743947
793 793 1.0
794 794 1.0
794 2490 0.60200715
795 729 0.64277416
795 795 1.0
796 796 1.0
797 69 0.56475216
797 81 0.599911
797 797 1.0
798 46 0.59103435
798 347 0.62332386
798 798 1.0
798 2103 0.5589111
799 677 0.5526177
799 799 1.0
799 1643 0.5518933
799 1646 0.5727869
800 26 0.71879196
800 270 0.5692415
800 648 0.6201645
800 713 0.5543051
800 800 1.0
800 2709 0.6218524
801 801 1.0
802 802 1.0
803 803 1.0
804 172 0.6609386
804 527 0.5755129
804 557 0.670023
804 580 0.64666134
804 714 0.5840593
804 728 0.5724723
804 804 1.0
804 1090 0.58563936
804 1106 0.60615915
804 1173 0.5908484
804 1202 0.6294645
804 1223 0.56729376
804 1340 0.60702467
804 1515 0.6510896
804 1540 0.60632
804 1550 0.5821506
804 1595 0.5761193
804 1904 0.55542934
804 2147 0.5917138
804 2170 0.560042
804 2211 0.5719629
804 2503 0.62874174
804 2546 0.5974212
804 2700 0.58684677
804 2809 0.62674934
804 2862 0.62799835
804 2883 0.70166445
804 3049 0.5636735
804 3124 0.5594247
805 805 1.0
805 1244 0.575855
806 806 1.0
807 807 1.0
807 2105 0.62164223
808 808 1.0
809 580 0.6227
809 809 1.0
809 2862 0.64332676
810 810 1.0
811 811 1.0
811 1879 0.5667808
812 456 0.58850914
812 812 1.0
812 1469 0.6334189
813 813 1.0
814 814 1.0
815 815 1.0
815 945 0.57248724
816 816 1.0
817 603 0.59484714
817 817 1.0
818 627 0.6290996
818 818 1.0
818 1513 0.5899874
818 2290 0.6081461
818 2316 0.62622905
818 2530 0.5691507
819 238 0.5831216
819 819 1.0
819 1370 0.5540196
819 1575 0.56121284
820 820 1.0
820 1053 0.5655833
820 1978 0.5750487
820 2484 0.5578369
821 821 1.0
822 822 1.0
822 2988 0.6497113
822 3001 0.68245643
823 823 1.0
823 1802 0.5743081
823 2703 0.56787616
824 824 1.0
825 144 0.55990815
825 825 1.0
825 2963 0.5820055
826 826 1.0
826 2723 0.5739696
826 2834 0.6234589
827 827 1.0
827 2149 0.5741132
827 2703 0.62236875
827 3134 0.5726563
828 828 1.0
829 829 1.0
830 830 1.0
830 1667 0.6926342
830 1829 0.62822586
830 1951 0.57471305
830 2556 0.593953
831 831 1.0
832 832 1.0
833 405 0.55077004
833 599 0.5989699
833 833 1.0
833 1127 0.58748335
833 1973 0.6160236
833 2014 0.5826729
833 2032 0.5822384
833 2157 0.55449665
833 2641 0.5812007
834 834 1.0
835 835 1.0
836 627 0.64295465
836 836 1.0
836 1513 0.55020165
836 2280 0.5976902
836 2530 0.6288179
837 837 1.0
838 838 1.0
838 1046 0.60683537
838 1613 0.6119122
839 839 1.0
840 840 1.0
841 841 1.0
842 842 1.0
843 843 1.0
844 844 1.0
845 845 1.0
846 846 1.0
846 1084 0.6119027
847 847 1.0
848 848 1.0
849 849 1.0
850 850 1.0
851 851 1.0
852 852 1.0
853 853 1.0
854 84 0.56379735
854 425 0.5691942
854 854 1.0
854 908 0.6255689
854 1446 0.607035
854 2439 0.5656268
855 855 1.0
856 856 1.0
856 1131 0.5920696
856 1846 0.5596737
856 1879 0.57940847
856 2780 0.55754673
857 857 1.0
857 3042 0.5556576
858 336 0.568697
858 354 0.5875539
858 858 1.0
858 1478 0.5660976
858 1762 0.57887995
858 2792 0.59584713
859 562 0.5571449
859 859 1.0
860 860 1.0
860 1084 0.5526036
860 3078 0.5801112
861 861 1.0
862 862 1.0
863 863 1.0
863 2197 0.6994895
864 258 0.5633694
864 864 1.0
865 865 1.0
866 179 0.5624888
866 866 1.0
867 867 1.0
868 868 1.0
869 84 0.6903904
869 160 0.6172137
869 205 0.61870146
869 250 0.5660478
869 257 0.55667627
869 593 0.64351803
869 690 0.5526096
869 775 0.5629817
869 869 1.0
869 1039 0.6061687
869 1103 0.5537625
869 1312 0.63993186
869 1387 0.56690615
869 1524 0.5637938
869 1748 0.5828596
869 1845 0.745338
869 1901 0.60747486
869 2065 0.6263135
869 2167 0.6551037
869 2439 0.6430981
869 2562 0.58929306
869 2582 0.6318231
